0.7837 0.297081 0.141757
0.822192 0.286475 0.182826
0.713106 0.372592 0.0660035
0.858018 0.333069 0.193476
0.839978 0.426011 0.140917
0.851667 0.402081 0.158324
0.861965 0.445962 0.159322
0.823018 0.398316 0.132142
0.66909 0.312789 0.0683052
0.826635 0.280458 0.1916
0.852102 0.308406 0.201142
0.652094 0.252177 0.093243
0.838439 0.26855 0.213836
0.636017 0.196054 0.127017
0.824306 0.241281 0.220912
0.624304 0.206128 0.115048
0.74278 0.25695 0.136704
0.623344 0.25145 0.0840567
0.702007 0.366785 0.0624532
0.76168 0.409196 0.0837329
0.770658 0.30783 0.126082
0.837819 0.40397 0.144112
0.826784 0.374064 0.143135
0.826686 0.429059 0.128189
0.809559 0.419285 0.115736
0.815134 0.486448 0.112048
0.800147 0.478337 0.100697
0.754568 0.399189 0.0816313
0.701234 0.292772 0.0918805
0.630923 0.205586 0.117666
0.551382 0.175697 0.122923
0.640952 0.172922 0.14907
0.870121 0.205528 0.337838
0.954414 0.378617 0.330371
0.980233 0.419664 0.386323
0.969839 0.36745 0.391919
0.894473 0.217543 0.379131
0.783512 0.102176 0.393431
0.646535 0.0308738 0.408086
0.510848 0.0126891 0.388598
0.519687 0.0118195 0.393735
0.511345 0.00243909 0.451995
0.969027 0.327062 0.489681
0.990409 0.402551 0.50162
0.969933 0.329229 0.500023
0.878105 0.172858 0.503794
0.772591 0.0808442 0.49838
0.622197 0.0151889 0.494887
0.476664 0.000546688 0.501356
0.450961 0.00245852 0.506903
0.481398 0.00037406 0.505281
0.836361 0.441913 0.134641
0.90652 0.436231 0.215967
0.830598 0.404429 0.137273
0.778537 0.393571 0.0986398
0.82082 0.377495 0.13659
0.819319 0.359564 0.141792
0.889304 0.374923 0.212253
0.85221 0.349124 0.178776
0.907739 0.288997 0.301943
0.826228 0.372777 0.143083
0.919192 0.274778 0.346529
0.93316 0.250482 0.510645
0.90261 0.220652 0.400651
0.91158 0.21626 0.490331
0.777342 0.369222 0.105059
0.290643 0.199185 0.159882
0.42397 0.0618257 0.271477
0.399384 0.199323 0.113387
0.408214 0.15668 0.14828
0.324192 0.0422652 0.402171
0.372115 0.0363501 0.363346
0.374453 0.115081 0.206613
0.381181 0.0953425 0.231422
0.465904 0.0327045 0.325436
0.519835 0.121439 0.173966
0.444661 0.139619 0.157855
0.525193 0.0613281 0.261395
0.591483 0.0675643 0.266269
0.625742 0.115296 0.206416
0.620646 0.0880622 0.243579
0.620132 0.034646 0.362109
0.530019 0.00927903 0.408941
0.455235 0.00631474 0.434647
0.355355 0.0267738 0.428342
0.391257 0.0218998 0.402045
0.431218 0.0113622 0.419364
0.393319 0.0124359 0.469994
0.36869 0.0201149 0.450322
0.4296 0.00580324 0.471481
0.512329 0.0022621 0.45412
0.605644 0.0135243 0.453301
0.648799 0.0804865 0.272256
0.640204 0.029798 0.403808
0.627753 0.0167567 0.487544
0.598585 0.00985467 0.506215
0.502412 1.65498e-05 0.503276
0.423332 0.00591388 0.500929
0.408529 0.0084473 0.497013
0.142456 0.518651 0.15098
0.553706 0.577397 0.00895485
0.526361 0.591213 0.00909746
0.559879 0.571182 0.00872866
0.841318 0.620425 0.155037
0.709267 0.671765 0.0796382
0.989779 0.598835 0.518656
0.962281 0.69046 0.495407
0.050145 0.516337 0.282368
0.0847512 0.48457 0.221917
0.476363 0.393444 0.0120584
0.220743 0.162017 0.259619
0.0898205 0.362359 0.249386
0.92147 0.762631 0.558209
0.791198 0.714884 0.154995
0.613497 0.520061 0.0134654
0.0660716 0.271659 0.59781
0.121624 0.2216 0.671246
0.400479 0.309588 0.951485
0.336855 0.306531 0.931223
0.109043 0.525915 0.810615
0.176032 0.479448 0.880293
0.00167456 0.459839 0.492329
0.00856084 0.482126 0.590377
0.591889 0.78148 0.0971035
0.560035 0.615885 0.0173339
0.382473 0.62929 0.0315222
0.893005 0.624589 0.782886
0.831533 0.658879 0.838885
0.486086 0.488116 0.999665
0.58905 0.550009 0.989458
0.76059 0.572347 0.920546
0.566976 0.506053 0.995457
0.863528 0.54266 0.840628
0.774608 0.149322 0.27281
0.910094 0.260261 0.34396
0.847423 0.216058 0.279378
0.852236 0.327619 0.189814
0.806808 0.263505 0.183868
0.653284 0.406717 0.0333069
0.612765 0.360667 0.0332342
0.462273 0.484028 0.00168126
0.457212 0.468263 0.00284621
0.270795 0.528209 0.0565258
0.273047 0.567903 0.0596802
0.0584453 0.601405 0.288467
0.0581647 0.490511 0.733862
0.00520861 0.433224 0.526878
0.0783606 0.507693 0.231372
0.1104 0.567571 0.193983
0.0704542 0.690788 0.329441
0.512129 0.511339 0.000275768
0.423886 0.474811 0.00646974
0.687766 0.472537 0.0374097
0.404555 0.434947 0.0135245
0.711626 0.403082 0.0574829
0.266764 0.562634 0.0621897
0.276211 0.471963 0.0537576
0.248445 0.47047 0.0688988
0.221344 0.585578 0.0937648
0.134337 0.515034 0.159318
0.162289 0.443607 0.135622
0.129423 0.465818 0.166077
0.713457 0.494511 0.047887
0.970289 0.434698 0.34327
0.939216 0.357365 0.308311
0.944219 0.270951 0.485641
0.948532 0.327024 0.637471
0.901286 0.393583 0.778648
0.86407 0.476702 0.841921
0.992369 0.490799 0.413468
0.769468 0.247928 0.837412
0.746213 0.327805 0.89966
0.556603 0.363449 0.977651
0.65087 0.382204 0.961912
0.566829 0.343792 0.970248
0.475459 0.383135 0.985531
0.46948 0.371137 0.982144
0.474181 0.393032 0.987741
0.464058 0.454174 0.996597
0.648935 0.476103 0.976705
0.366953 0.411687 0.973814
0.323935 0.171018 0.832824
0.256751 0.170165 0.786425
0.288063 0.365444 0.932409
0.333237 0.386356 0.957466
0.34992 0.440607 0.973232
0.0235063 0.405601 0.618502
0.0501192 0.381219 0.683026
0.0299452 0.415426 0.647972
0.282264 0.611536 0.0639371
0.844525 0.447998 0.141394
0.896557 0.405527 0.210488
0.981276 0.418539 0.608341
0.915902 0.465967 0.224559
0.97716 0.453313 0.641911
0.921836 0.445817 0.237096
0.991862 0.471023 0.585045
0.926146 0.364799 0.276124
0.985242 0.393778 0.557076
0.40616 0.478533 0.00935436
0.365031 0.423962 0.0246037
0.13481 0.427863 0.166185
0.405689 0.44181 0.0124352
0.252139 0.395974 0.0784035
0.43688 0.422884 0.0100316
0.326029 0.416806 0.0386838
0.429674 0.345649 0.0296491
0.306909 0.400202 0.0497153
0.0136246 0.389286 0.465628
0.053166 0.354766 0.328984
0.0524921 0.39184 0.304967
0.248788 0.368605 0.088141
0.0468424 0.403378 0.312084
0.0900246 0.41381 0.772931
0.0879619 0.367 0.750071
0.0455507 0.397276 0.681449
0.0247403 0.429009 0.361839
0.0498916 0.401414 0.694122
0.244345 0.419621 0.922114
0.204204 0.400347 0.890607
0.250181 0.462904 0.931526
0.0717023 0.244832 0.461918
0.306125 0.382509 0.945655
0.993734 0.48928 0.421823
0.767831 0.36514 0.0999006
0.756347 0.452618 0.0733371
0.695525 0.416249 0.0475006
0.717672 0.454145 0.0522095
0.4297 0.417484 0.0118924
0.58283 0.342898 0.0326051
0.51208 0.415983 0.0072575
0.444919 0.445181 0.00607602
0.461724 0.429295 0.00650663
0.708481 0.397612 0.0572221
0.496439 0.00607141 0.577601
0.427669 0.0062931 0.531965
0.439521 0.448291 0.993628
0.454802 0.496752 0.997942
0.879808 0.478146 0.82445
0.605489 0.455895 0.986751
0.78791 0.453339 0.906116
0.500629 0.443329 0.996778
0.633027 0.0406816 0.646049
0.731462 0.471484 0.942281
0.811913 0.443626 0.886694
0.972665 0.354895 0.425623
0.869635 0.347731 0.199693
0.978494 0.364951 0.447036
0.672104 0.360798 0.0516665
0.858725 0.349395 0.185939
0.516623 0.396148 0.0111867
0.688597 0.358725 0.0590096
0.397946 0.411462 0.0186
0.506636 0.382887 0.0139543
0.266632 0.394808 0.0704958
0.371207 0.379389 0.0321697
0.0950128 0.352769 0.246409
0.174589 0.382182 0.139131
0.133747 0.293137 0.229692
0.050619 0.343283 0.346714
0.968291 0.338889 0.431104
0.885366 0.35398 0.216855
0.708968 0.408516 0.0550697
0.526975 0.447105 0.00353806
0.429538 0.444208 0.00814401
0.367992 0.397264 0.0288107
0.166797 0.385821 0.145121
0.134117 0.344641 0.196696
0.93846 0.461021 0.262864
0.487477 0.458735 0.00186311
0.513674 0.494919 0.000212852
0.636602 0.479677 0.0194515
0.833125 0.487332 0.127351
0.20858 0.456938 0.0959952
0.367679 0.421168 0.0243145
0.327889 0.955739 0.387396
0.297721 0.956681 0.477066
0.364939 0.894323 0.223834
0.305626 0.924043 0.319982
0.41035 0.773431 0.0911014
0.335705 0.831351 0.163528
0.456368 0.644068 0.0231974
0.367565 0.712323 0.067126
0.457564 0.64209 0.0224965
0.399453 0.624309 0.0262516
0.482903 0.604246 0.0112869
0.420111 0.617137 0.0205246
0.509429 0.534623 0.00128932
0.451505 0.562099 0.00624705
0.580393 0.502277 0.00651069
0.510083 0.488333 0.000237855
0.672352 0.434169 0.0352839
0.596894 0.425737 0.0151325
0.724259 0.333709 0.0852049
0.668816 0.374089 0.0465162
0.736525 0.326791 0.0949633
0.724371 0.321439 0.0903985
0.755568 0.330743 0.104985
0.745955 0.300681 0.112989
0.87375 0.248799 0.282724
0.752377 0.30012 0.117438
0.909073 0.212598 0.50773
0.88569 0.190561 0.425901
0.230024 0.896686 0.359454
0.262568 0.909284 0.338406
0.251286 0.932975 0.474042
0.77691 0.0837015 0.504029
0.878209 0.172959 0.501429
0.861532 0.184294 0.359913
0.734269 0.0812107 0.359524
0.731321 0.295977 0.106471
0.714466 0.241825 0.129392
0.648804 0.136994 0.190025
0.617706 0.306711 0.0541474
0.588005 0.276948 0.0612483
0.528337 0.386891 0.0137867
0.510874 0.370814 0.0170998
0.457305 0.47464 0.00247208
0.456587 0.492369 0.00194672
0.417024 0.569167 0.0118086
0.413836 0.558545 0.0109721
0.393215 0.588228 0.0195702
0.39564 0.551605 0.013743
0.363487 0.588623 0.0272312
0.323646 0.611315 0.0455683
0.312142 0.739962 0.103607
0.247031 0.746342 0.145991
0.273441 0.842526 0.214786
0.236152 0.847032 0.255146
0.898823 0.242151 0.343623
0.91386 0.21969 0.487902
0.420201 0.992976 0.475367
0.38202 0.985836 0.493355
0.41431 0.911386 0.229042
0.461204 0.937174 0.260472
0.475043 0.77207 0.0812458
0.515744 0.815282 0.11225
0.519969 0.689881 0.0378893
0.583272 0.75202 0.0762643
0.543636 0.662479 0.0291533
0.636362 0.684172 0.0556059
0.569898 0.603507 0.0158506
0.688089 0.641861 0.0589807
0.609853 0.576563 0.0182631
0.738011 0.643179 0.0842469
0.670778 0.565364 0.0346375
0.719455 0.533277 0.0519684
0.746796 0.60552 0.0781504
0.723188 0.428767 0.0582839
0.774511 0.388085 0.09736
0.738655 0.332305 0.0938935
0.75506 0.361563 0.0928395
0.742757 0.365106 0.0842206
0.764316 0.358525 0.0998475
0.890517 0.187869 0.49162
0.839367 0.661018 0.169995
0.872207 0.612665 0.185725
0.894384 0.549473 0.196663
0.894497 0.383103 0.21591
0.913536 0.45651 0.222337
0.79195 0.726205 0.162959
0.702579 0.729145 0.104457
0.813903 0.240612 0.209858
0.887086 0.393106 0.20211
0.952792 0.414186 0.306053
0.902239 0.423874 0.212931
0.950173 0.419911 0.297688
0.889301 0.437642 0.1925
0.951197 0.423568 0.298557
0.852989 0.589897 0.157484
0.95253 0.5585 0.295564
0.825834 0.68247 0.167529
0.933714 0.647969 0.300007
0.814078 0.724415 0.182206
0.900151 0.676213 0.257454
0.445152 0.99669 0.482936
0.460884 0.948443 0.282355
0.540961 0.848459 0.143772
0.60425 0.787161 0.104183
0.824897 0.289119 0.183818
0.741248 0.315846 0.102651
0.51257 0.980202 0.361262
0.513409 0.883914 0.179953
0.548344 0.842464 0.138916
0.641115 0.814921 0.138183
0.675244 0.769648 0.117143
0.672363 0.735178 0.0938198
0.665801 0.699535 0.0725711
0.6922 0.639143 0.0598883
0.73065 0.499662 0.0563778
0.762764 0.425912 0.0811133
0.709685 0.332836 0.0779946
0.737466 0.306974 0.104588
0.630582 0.410331 0.0257556
0.615286 0.410104 0.0218495
0.510299 0.982472 0.369177
0.510046 0.999891 0.502754
0.573662 0.43247 0.0100881
0.547251 0.515672 0.0024844
0.556048 0.619125 0.0176434
0.562456 0.692592 0.0428267
0.565982 0.729337 0.0606241
0.579319 0.777024 0.091385
0.566387 0.843212 0.142511
0.551942 0.893977 0.196546
0.509236 0.901373 0.201983
0.505177 0.950864 0.283909
0.503574 0.997824 0.546456
0.458638 0.997201 0.467138
0.508567 0.916654 0.223728
0.467759 0.917212 0.226331
0.522403 0.876561 0.171824
0.454088 0.834275 0.131012
0.543879 0.851027 0.146652
0.481944 0.822859 0.118639
0.543225 0.818678 0.117147
0.4868 0.780147 0.0860632
0.557211 0.766707 0.08096
0.513459 0.730016 0.0562531
0.592516 0.697226 0.0499526
0.534888 0.686207 0.0372802
0.622187 0.622593 0.0309143
0.537745 0.605206 0.0126532
0.635607 0.565089 0.0231623
0.54257 0.567963 0.0064731
0.650652 0.513141 0.0234172
0.53529 0.509409 0.00133569
0.685449 0.428896 0.0411396
0.533866 0.325855 0.0325317
0.708439 0.361818 0.0670344
0.640947 0.340857 0.0474433
0.708131 0.290418 0.0965687
0.629099 0.341311 0.0437642
0.688122 0.218709 0.131916
0.644879 0.295384 0.0674007
0.666291 0.13452 0.202054
0.633344 0.232809 0.0989658
0.65547 0.134238 0.196607
0.598835 0.138582 0.168928
0.583365 0.148761 0.15405
0.57588 0.0675684 0.260741
0.566087 0.00843537 0.43678
0.523545 0.971657 0.335727
0.517337 0.999694 0.502317
0.509019 0.999886 0.50568
0.547294 0.959049 0.30755
0.511436 0.965034 0.316662
0.563348 0.953528 0.299254
0.521208 0.943518 0.270126
0.589708 0.867763 0.173346
0.544583 0.937881 0.262782
0.590199 0.73652 0.0688124
0.566762 0.864345 0.164149
0.556283 0.807724 0.109951
0.541825 0.822207 0.119956
0.561187 0.817232 0.118398
0.537919 0.813282 0.112164
0.552033 0.75964 0.0758779
0.56644 0.77203 0.0857712
0.535054 0.679572 0.0346776
0.596355 0.70089 0.0523854
0.539835 0.587746 0.0093741
0.620179 0.61598 0.0287192
0.544457 0.479736 0.00239284
0.633609 0.542563 0.0200657
0.55581 0.348141 0.0268996
0.650599 0.465993 0.0244334
0.555475 0.231705 0.0817413
0.668888 0.360502 0.0505366
0.54089 0.125333 0.171439
0.671862 0.251876 0.10138
0.506976 0.0590982 0.264295
0.66193 0.17652 0.154834
0.629451 0.100833 0.228139
0.549032 0.97587 0.354593
0.554029 0.996571 0.522317
0.534633 0.998725 0.508627
0.551168 0.979615 0.368277
0.533112 0.979396 0.361858
0.576827 0.978199 0.375808
0.548947 0.973995 0.348563
0.626674 0.943103 0.306058
0.577919 0.96336 0.329043
0.687716 0.771663 0.124551
0.6183 0.889519 0.20969
0.698282 0.651144 0.0665954
0.655699 0.681328 0.0608211
0.599282 0.675351 0.0424029
0.672623 0.706122 0.0784376
0.454533 0.673414 0.0332447
0.603055 0.812625 0.123642
0.39106 0.678682 0.0459023
0.514814 0.761984 0.0743889
0.360465 0.641751 0.0412663
0.455243 0.697189 0.0427109
0.341434 0.55573 0.0290956
0.43311 0.633326 0.0227687
0.293992 0.438305 0.0486082
0.413808 0.531805 0.00851306
0.235976 0.285092 0.133795
0.417948 0.382391 0.0210057
0.228587 0.204662 0.201486
0.407248 0.242133 0.0817876
0.256505 0.108928 0.305649
0.386164 0.125136 0.189326
0.506502 0.411457 0.00794528
0.398257 0.439662 0.0141937
0.479963 0.999494 0.489793
0.470818 0.974347 0.344618
0.450102 0.903071 0.208378
0.460278 0.918796 0.229755
0.469271 0.863115 0.157651
0.460969 0.806122 0.106597
0.472626 0.681303 0.0348334
0.457414 0.773417 0.0835509
0.477372 0.661211 0.0272432
0.479969 0.585864 0.00783523
0.492628 0.555006 0.00308951
0.507793 0.542351 0.00185778
0.47468 0.400872 0.0105795
0.380637 0.159784 0.153582
0.156125 0.23891 0.247845
0.391981 0.0853379 0.242343
0.476204 0.000569118 0.498399
0.421248 0.0111245 0.430726
0.480241 0.000393312 0.498339
0.443703 0.188253 0.113161
0.478571 0.32451 0.0322993
0.3852 0.338689 0.0408707
0.185671 0.407806 0.122246
0.456579 0.246404 0.0712764
0.569996 0.00498196 0.507597
0.374923 0.0606181 0.296778
0.531361 0.97571 0.349279
0.537254 0.998252 0.481103
0.542167 0.986763 0.393776
0.534318 0.986215 0.388565
0.484961 0.963428 0.312894
0.467953 0.877841 0.174103
0.493294 0.655814 0.0249454
0.479577 0.580871 0.00700631
0.441515 0.578305 0.00964521
0.383396 0.626191 0.0304476
0.345347 0.654198 0.0502165
0.340744 0.586348 0.0339727
0.317726 0.45859 0.036253
0.266638 0.298071 0.106596
0.244607 0.258145 0.14464
0.237176 0.181421 0.218165
0.533914 0.974876 0.347217
0.527574 0.999222 0.504145
0.534421 0.988169 0.397502
0.530595 0.982422 0.372199
0.510924 0.938215 0.259484
0.477665 0.818413 0.115144
0.505355 0.612294 0.0128025
0.500907 0.558745 0.00346379
0.485667 0.5842 0.00734901
0.492776 0.654717 0.0245945
0.5251 0.670194 0.0305279
0.560762 0.547022 0.00593831
0.548103 0.395 0.0135218
0.570302 0.259573 0.0672732
0.554364 0.212189 0.0947727
0.530238 0.175908 0.12046
0.490616 0.292024 0.0454034
0.3619 0.248905 0.0902687
0.330116 0.180976 0.154511
0.358973 0.215454 0.113807
0.321766 0.130012 0.214795
0.549472 0.98241 0.378209
0.548185 0.997647 0.505088
0.55438 0.981161 0.375394
0.540823 0.978356 0.360324
0.519135 0.934812 0.253886
0.495019 0.795404 0.0966245
0.523401 0.623481 0.0160527
0.574015 0.558161 0.00894083
0.583789 0.593698 0.0160577
0.558009 0.644142 0.0247547
0.520191 0.670441 0.0303809
0.519142 0.568073 0.00502561
0.534391 0.421652 0.00737548
0.608913 0.285211 0.061818
0.719721 0.255058 0.123535
0.772838 0.21885 0.189333
0.601874 0.374716 0.0267924
0.551969 0.97638 0.357305
0.572942 0.994623 0.505206
0.537982 0.98359 0.378764
0.541951 0.977848 0.358926
0.528932 0.949781 0.283529
0.492788 0.857608 0.150623
0.466292 0.714389 0.0495543
0.483665 0.608452 0.012177
0.489217 0.542858 0.00195691
0.467609 0.567029 0.00557311
0.448958 0.600224 0.0128142
0.421782 0.597681 0.0159128
0.434887 0.501733 0.00426087
0.495834 0.387115 0.0129276
0.618966 0.33981 0.0415392
0.741252 0.27877 0.122039
0.578183 0.932265 0.261182
0.584635 0.990212 0.550286
0.499291 0.963918 0.313506
0.489133 0.986256 0.384083
0.476726 0.958055 0.300892
0.439937 0.878223 0.178534
0.392295 0.75471 0.0834398
0.335594 0.618415 0.0428909
0.292425 0.53175 0.0462331
0.318813 0.528901 0.0348807
0.357125 0.559495 0.024556
0.359488 0.565445 0.0246335
0.369499 0.538171 0.0188425
0.425737 0.450465 0.00803319
0.487011 0.392665 0.0118295
0.485038 0.394844 0.0114119
0.22523 0.906044 0.40187
0.287742 0.952623 0.491108
0.122858 0.82826 0.503026
0.162073 0.7872 0.269085
0.281216 0.934298 0.383728
0.182396 0.66564 0.151158
0.275381 0.853305 0.226646
0.172233 0.609926 0.138773
0.240063 0.733007 0.142033
0.177457 0.562452 0.123084
0.234065 0.641217 0.100831
0.199735 0.567053 0.105862
0.224152 0.549727 0.0859529
0.233401 0.555928 0.0807185
0.258613 0.549601 0.064946
0.222412 0.52759 0.0850498
0.28821 0.573521 0.0530775
0.21282 0.498058 0.0907029
0.30883 0.566077 0.0427387
0.202634 0.493485 0.0980906
0.313069 0.546438 0.0385886
0.196236 0.456974 0.105188
0.308751 0.513038 0.0382057
0.185819 0.448104 0.114517
0.326595 0.443732 0.0344201
0.196695 0.451593 0.105458
0.329768 0.416658 0.0373175
0.21119 0.585177 0.100834
0.283451 0.432015 0.0544842
0.0836812 0.772006 0.448119
0.0942787 0.792155 0.505979
0.0714314 0.662046 0.299825
0.0619972 0.561883 0.266925
0.066321 0.538182 0.254104
0.0615076 0.497616 0.259753
0.0626411 0.497805 0.257694
0.0743859 0.485435 0.238007
0.0840126 0.460394 0.225435
0.110948 0.444398 0.190893
0.0957636 0.436708 0.21262
0.0885564 0.453965 0.219652
0.0669003 0.469687 0.251996
0.057949 0.536314 0.269192
0.0129433 0.409871 0.56821
0.0108608 0.399745 0.473697
0.00724199 0.423132 0.53579
0.00586681 0.445763 0.553766
0.00214147 0.456836 0.516545
0.00896106 0.406567 0.512286
0.00783439 0.413053 0.5146
0.00748031 0.415149 0.485011
0.0116725 0.418513 0.430027
0.0199682 0.414785 0.38906
0.0329589 0.387923 0.361035
0.0721822 0.449823 0.246122
0.725986 0.257884 0.12542
0.606389 0.189382 0.122908
0.499318 0.999802 0.514063
0.568573 0.00572275 0.531428
0.102562 0.562883 0.203203
0.451342 0.599417 0.0124052
0.405554 0.517053 0.00929727
0.539021 0.580707 0.00810188
0.815926 0.600945 0.125833
0.692872 0.674478 0.0729662
0.991762 0.577022 0.547308
0.955244 0.706707 0.495025
0.0919015 0.528743 0.212547
0.0979283 0.483543 0.203238
0.483812 0.400632 0.0102409
0.239332 0.152295 0.252708
0.0862399 0.319004 0.285424
0.908959 0.780851 0.562255
0.772512 0.721621 0.144162
0.606193 0.650688 0.0352243
0.687454 0.580592 0.0435287
0.0771173 0.254771 0.605038
0.137868 0.206341 0.680624
0.409373 0.308918 0.953072
0.350563 0.304672 0.935334
0.124394 0.527433 0.828889
0.220706 0.484378 0.914428
0.0018122 0.464783 0.523848
0.00565249 0.481196 0.572574
0.583624 0.782324 0.0958961
0.595354 0.611152 0.021928
0.512487 0.652093 0.0238574
0.232619 0.535706 0.07901
0.877816 0.631992 0.799722
0.813251 0.665442 0.852849
0.487386 0.488113 0.9997
0.581019 0.550159 0.990836
0.74234 0.574157 0.931013
0.538557 0.531744 0.997499
0.827109 0.539033 0.876133
0.0467777 0.513048 0.289241
0.164719 0.558277 0.13368
0.0314523 0.332118 0.547736
0.00938015 0.426952 0.562898
0.00229644 0.45698 0.520988
0.00563823 0.46444 0.434107
0.0292654 0.51211 0.331886
0.022645 0.351551 0.509753
0.0245438 0.347171 0.524178
0.000247458 0.492044 0.486432
0.000168282 0.492886 0.489154
0.0530024 0.48969 0.276199
0.0426116 0.456726 0.30271
0.00301957 0.452815 0.472
0.0610662 0.600094 0.282472
7.51788e-05 0.49152 0.498195
0.145578 0.778729 0.283909
0.0141072 0.617894 0.50301
0.299396 0.903871 0.284021
0.111711 0.815009 0.499266
0.480369 0.96395 0.314621
0.285744 0.951768 0.50019
0.222843 0.487794 0.0840251
0.368955 0.477863 0.0179864
0.219821 0.552968 0.0892762
0.266316 0.669486 0.0917523
0.346308 0.766941 0.106146
0.487235 0.844825 0.138154
0.532561 0.482452 0.00137005
0.48692 0.478766 0.000622371
0.475213 0.481591 0.000954178
0.351685 0.8103 0.137072
0.730913 0.482441 0.0568626
0.71512 0.504242 0.0486628
0.758454 0.406881 0.0822316
0.686147 0.286498 0.0879731
0.732038 0.366272 0.0777735
0.948242 0.490024 0.278686
0.959632 0.522359 0.304454
0.927009 0.366126 0.276974
0.822862 0.170368 0.307379
0.749015 0.111214 0.308071
0.999935 0.491968 0.500823
0.999107 0.520335 0.521874
0.979318 0.358083 0.489313
0.475838 0.999148 0.483645
0.551534 0.335388 0.0306952
0.602545 0.425919 0.0162681
0.555567 0.656143 0.0282675
0.76186 0.778883 0.178047
0.926737 0.594668 0.257238
0.896784 0.450028 0.199892
0.710216 0.431833 0.0514887
0.9236 0.457414 0.237799
0.729777 0.449719 0.058781
0.514251 0.453876 0.00233599
0.841209 0.414472 0.144667
0.917984 0.509572 0.225779
0.814091 0.707295 0.170795
0.826872 0.545377 0.124373
0.616709 0.74093 0.0777067
0.763281 0.657187 0.105063
0.458574 0.443178 0.00496958
0.414702 0.612213 0.0202786
0.713833 0.77611 0.142175
0.812003 0.813113 0.266303
0.890895 0.718777 0.27788
0.919564 0.669333 0.287181
0.901533 0.445959 0.206997
0.819549 0.434329 0.121086
0.7977 0.381414 0.116188
0.60809 0.378175 0.0272683
0.97839 0.577067 0.376698
0.901426 0.525317 0.202988
0.852885 0.562406 0.151321
0.741213 0.470325 0.0630383
0.62706 0.442447 0.0198508
0.492885 0.47849 0.00051357
0.439307 0.458644 0.00542334
0.584414 0.734143 0.0663512
0.436879 0.565431 0.00833497
0.613754 0.911406 0.239606
0.773701 0.914866 0.445465
0.854355 0.851697 0.472759
0.940407 0.727121 0.43323
0.965996 0.64646 0.393241
0.950749 0.509777 0.283829
0.404085 0.442773 0.0126343
0.649319 0.965434 0.394763
0.782197 0.912016 0.524657
0.823793 0.877116 0.554239
0.879879 0.824182 0.524453
0.930592 0.721952 0.376194
0.905615 0.625426 0.235907
0.878117 0.635565 0.202259
0.811013 0.564235 0.113807
0.74228 0.512744 0.0628069
0.686778 0.466394 0.0374154
0.654079 0.466413 0.0255196
0.565391 0.487758 0.00444555
0.507687 0.543423 0.00194845
0.487879 0.491794 0.000214302
0.426215 0.55108 0.00811937
0.491425 0.458393 0.00180793
0.48957 0.821945 0.117583
0.412075 0.697905 0.0493305
0.847666 0.858935 0.517153
0.853926 0.84311 0.416263
0.81564 0.7312 0.188683
0.779484 0.673293 0.12336
0.781265 0.633298 0.108692
0.634828 0.555187 0.0216947
0.607298 0.585195 0.0191373
0.609069 0.585363 0.0195657
0.602095 0.569199 0.0154506
0.558679 0.536742 0.00481637
0.490928 0.577369 0.00610558
0.787098 0.909241 0.490196
0.741396 0.931579 0.426057
0.555766 0.883896 0.184541
0.781077 0.669459 0.122801
0.797251 0.880128 0.369065
0.535535 0.681909 0.0356227
0.475548 0.639038 0.0203434
0.71617 0.524925 0.049834
0.704939 0.495067 0.0439565
0.68029 0.52275 0.0341909
0.666141 0.530641 0.0294063
0.819749 0.837291 0.315623
0.820823 0.881409 0.539996
0.833225 0.872227 0.520202
0.836348 0.869946 0.496813
0.808993 0.845701 0.312879
0.729868 0.746109 0.130417
0.681363 0.716595 0.0874542
0.658725 0.676527 0.0599493
0.658183 0.498454 0.0256839
0.645229 0.534611 0.0228097
0.68766 0.553099 0.0396043
0.672705 0.435249 0.0352633
0.665329 0.484185 0.0283898
0.619759 0.527095 0.0153108
0.593755 0.546557 0.0110802
0.58428 0.568161 0.0118904
0.60453 0.586018 0.0186744
0.601254 0.578271 0.016656
0.808587 0.892083 0.467678
0.761493 0.860211 0.272252
0.67461 0.809433 0.148201
0.628402 0.746814 0.0845538
0.585996 0.673409 0.0389859
0.558818 0.527603 0.0042395
0.532702 0.623762 0.0166641
0.551316 0.516005 0.0028979
0.691384 0.950651 0.398579
0.614251 0.918397 0.251222
0.611625 0.886953 0.203677
0.543241 0.791408 0.0960052
0.542426 0.634329 0.0202546
0.566306 0.808797 0.112381
0.497838 0.668898 0.0293952
0.490976 0.622084 0.0152176
0.593633 0.603869 0.0199541
0.462222 0.665981 0.0298689
0.731106 0.920963 0.360787
0.414704 0.547571 0.00963113
0.811584 0.860848 0.349322
0.694769 0.853725 0.205138
0.956606 0.702009 0.473486
0.961461 0.691763 0.516738
0.853685 0.662233 0.186014
0.744365 0.936176 0.493946
0.713073 0.946664 0.428649
0.736544 0.693779 0.104404
0.668009 0.5173 0.02939
0.762587 0.284698 0.132994
0.971293 0.435359 0.346039
0.992935 0.436712 0.554863
0.973393 0.350662 0.440027
0.970532 0.355772 0.588307
0.942896 0.268437 0.514886
0.919915 0.247036 0.59839
0.88111 0.182248 0.438446
0.93954 0.319575 0.34427
0.744208 0.155787 0.231896
0.640787 0.118016 0.209711
0.714504 0.433575 0.053261
0.918788 0.549634 0.231387
0.825462 0.344118 0.153915
0.823209 0.656514 0.152093
0.801558 0.710724 0.161388
0.766023 0.629109 0.0968093
0.806113 0.616577 0.122237
0.623652 0.395966 0.0268329
0.478124 0.559103 0.00398767
0.425766 0.381304 0.0199995
0.538402 0.313104 0.0378363
0.5968 0.168008 0.138875
0.56242 0.205143 0.101047
0.566469 0.166877 0.133106
0.536138 0.409889 0.00951655
0.437369 0.193001 0.110348
0.511175 0.0872077 0.218082
0.556493 0.148148 0.149274
0.510153 0.0754912 0.236013
0.576168 0.0873367 0.228141
0.500011 0.0595081 0.263427
0.564942 0.161053 0.138203
0.528663 0.0467795 0.290788
0.695316 0.132706 0.222607
0.617156 0.0303212 0.374795
0.634404 0.375727 0.034713
0.601352 0.222639 0.0965168
0.59283 0.101776 0.21225
0.607927 0.134968 0.175804
0.801821 0.102076 0.523666
0.741847 0.0674494 0.433592
0.860295 0.161626 0.424564
0.609577 0.0125096 0.518598
0.501155 0.00188633 0.456624
0.488642 0.000218062 0.490566
0.486536 0.00386226 0.439452
0.566421 0.00478722 0.518776
0.576778 0.00599663 0.508117
0.581929 0.0073226 0.523593
0.511265 0.0188321 0.364536
0.589424 0.0352191 0.338811
0.473926 0.000812148 0.511473
0.522776 0.000911436 0.519796
0.45754 0.00215118 0.51854
0.632727 0.0601437 0.302744
0.587966 0.00785511 0.507443
0.585609 0.00854364 0.533789
0.611961 0.0509394 0.310767
0.574698 0.00591984 0.482537
0.589909 0.00826427 0.489405
0.610741 0.180309 0.131851
0.550589 0.112603 0.187967
0.616706 0.191997 0.123816
0.645716 0.295834 0.0674688
0.633474 0.315857 0.0547179
0.57529 0.176932 0.12589
0.566713 0.155314 0.143993
0.570337 0.389566 0.0174473
0.501116 0.191765 0.106312
0.501089 0.150664 0.142281
0.49253 0.171632 0.123014
0.491438 0.200691 0.0995745
0.60446 0.011074 0.493717
0.601813 0.0133593 0.446944
0.553417 0.0955248 0.210956
0.526881 0.238382 0.0747547
0.406408 0.337994 0.0363248
0.407053 0.32891 0.0394687
0.358063 0.303347 0.0627569
0.403985 0.190317 0.119372
0.31649 0.431026 0.0400363
0.317969 0.456555 0.0363436
0.517308 0.506662 0.000344081
0.527445 0.490692 0.000840588
0.430072 0.576787 0.0109051
0.494888 0.611683 0.0126595
0.374635 0.617489 0.0304469
0.323802 0.561952 0.0361937
0.282556 0.523557 0.0503742
0.328903 0.472106 0.031014
0.449593 0.591595 0.0110527
0.290426 0.506604 0.0460892
0.334719 0.531993 0.0291935
0.829829 0.875775 0.502339
0.71091 0.953333 0.502377
0.824633 0.880278 0.501431
0.639622 0.979975 0.511382
0.777616 0.915553 0.484349
0.787333 0.908388 0.474325
0.639789 0.979438 0.475548
0.809285 0.879847 0.399706
0.625281 0.983167 0.529227
0.46523 0.998762 0.494789
0.487813 0.998003 0.45705
0.44919 0.997394 0.495829
0.67131 0.960981 0.409726
0.698462 0.95863 0.516472
0.865863 0.837163 0.450347
0.804408 0.896383 0.485294
0.892964 0.759304 0.331653
0.0433745 0.68517 0.415115
0.0604332 0.521301 0.262666
0.163 0.794551 0.27713
0.0985184 0.749981 0.33776
0.121857 0.68525 0.230389
0.31887 0.962939 0.446339
0.282584 0.950236 0.504183
0.279281 0.945789 0.449446
0.231352 0.921694 0.498342
0.186725 0.857796 0.345596
0.112028 0.810157 0.442722
0.22699 0.91819 0.475856
0.243952 0.898564 0.340043
0.243369 0.8707 0.283848
0.176076 0.796627 0.261074
0.271072 0.753212 0.134656
0.338196 0.932212 0.307615
0.143329 0.80602 0.329302
0.0367798 0.418091 0.330536
0.100279 0.555896 0.204875
0.432362 0.986815 0.408154
0.320548 0.948961 0.372598
0.138681 0.784876 0.30431
0.0597108 0.432564 0.272849
0.436946 0.995284 0.473201
0.285447 0.949107 0.452354
0.112764 0.734969 0.288249
0.0697294 0.470182 0.247061
0.817355 0.408124 0.124707
0.566955 0.994975 0.477272
0.690146 0.961676 0.526461
0.361809 0.968036 0.608836
0.198434 0.898819 0.498761
0.0608614 0.68915 0.353782
0.563017 0.942974 0.723167
0.287938 0.926403 0.652349
0.118196 0.82259 0.512713
0.0460583 0.708741 0.480914
0.0937841 0.781188 0.576954
0.184812 0.878637 0.585386
0.0823754 0.763747 0.577634
0.276392 0.918997 0.656336
0.727146 0.902871 0.69
0.728998 0.944263 0.513788
0.559283 0.996473 0.499592
0.289353 0.952039 0.535899
0.18591 0.883858 0.436748
0.0110043 0.6008 0.52688
0.0412444 0.57213 0.314688
0.0551467 0.727021 0.523812
0.029207 0.666389 0.525861
0.0305017 0.491778 0.328233
0.00243723 0.502842 0.450774
0.005588 0.574535 0.498828
0.00689443 0.46587 0.424621
0.124599 0.367285 0.197575
0.185343 0.220424 0.230134
0.46575 0.0868596 0.220461
0.0365044 0.331845 0.41696
0.329163 0.0413983 0.397534
0.138682 0.200784 0.327027
0.120893 0.214647 0.342356
0.413345 0.0442613 0.313471
0.287079 0.414405 0.0557722
0.0443861 0.294218 0.491656
0.0665944 0.261287 0.428059
0.483469 0.000970444 0.526386
0.749367 0.620773 0.0837911
0.541858 0.539487 0.00332229
0.90515 0.637364 0.241187
0.82709 0.5575 0.126228
0.972174 0.374154 0.394099
0.959626 0.412097 0.323885
0.969082 0.522104 0.32832
0.947476 0.31421 0.376522
0.996352 0.5539 0.527014
0.943132 0.649388 0.676966
0.983949 0.400298 0.576501
0.984953 0.39245 0.442964
0.97374 0.65776 0.526111
0.846211 0.287301 0.20863
0.941016 0.382171 0.295987
0.688122 0.153784 0.192193
0.601261 0.16743 0.140635
0.888769 0.220935 0.35515
0.940578 0.323457 0.342764
0.557562 0.254551 0.0682111
0.803996 0.165371 0.286436
0.731474 0.137644 0.244819
0.788171 0.485497 0.0916532
0.927579 0.257211 0.409285
0.947733 0.295721 0.411651
0.959231 0.312158 0.438174
0.962089 0.327616 0.417794
0.9952 0.504935 0.431064
0.998737 0.482376 0.469168
0.999481 0.482719 0.514827
0.997432 0.449398 0.501083
0.965623 0.559927 0.327942
0.999184 0.526047 0.511689
0.998017 0.533289 0.470483
0.981965 0.4508 0.376352
0.96165 0.408502 0.33116
0.95278 0.422331 0.302623
0.345657 0.662389 0.053001
0.635094 0.280257 0.0716745
0.688462 0.58695 0.0451135
0.861314 0.16005 0.437663
0.276789 0.556196 0.056132
0.221527 0.915269 0.497825
0.261932 0.938178 0.536386
0.327234 0.43244 0.0356859
0.388343 0.0445045 0.673368
0.82173 0.267995 0.804406
0.880169 0.233366 0.685414
0.807649 0.313594 0.847282
0.839696 0.378789 0.846286
0.712976 0.384013 0.937251
0.852925 0.388859 0.836291
0.815513 0.414119 0.878254
0.839738 0.381459 0.847169
0.8544 0.443247 0.848109
0.691886 0.328707 0.928764
0.846144 0.294717 0.796721
0.662144 0.25785 0.906291
0.646811 0.214828 0.883566
0.854984 0.267537 0.764476
0.658631 0.204456 0.870796
0.88041 0.259647 0.717987
0.699083 0.235406 0.874641
0.685962 0.334941 0.93379
0.619121 0.249753 0.916157
0.758919 0.382706 0.911343
0.792065 0.334963 0.870757
0.824417 0.388758 0.863839
0.780321 0.459841 0.912077
0.827617 0.437611 0.872525
0.82956 0.425379 0.86854
0.791307 0.442151 0.902236
0.850759 0.487833 0.856119
0.751833 0.398626 0.919885
0.702246 0.288498 0.905417
0.591383 0.223103 0.906174
0.556469 0.171348 0.872558
0.641182 0.178424 0.855889
0.879286 0.24731 0.705645
0.982518 0.426452 0.608476
0.958925 0.345028 0.623981
0.955861 0.331543 0.617529
0.875507 0.195892 0.628502
0.764287 0.0823389 0.575574
0.595783 0.0224878 0.613171
0.479531 0.00991846 0.596959
0.494815 0.0052716 0.572228
0.607234 0.0158045 0.563684
0.830201 0.421948 0.867253
0.909412 0.414496 0.773991
0.836361 0.441913 0.865359
0.776086 0.392831 0.902854
0.825865 0.368999 0.85588
0.815113 0.368803 0.865365
0.859765 0.396662 0.831498
0.85221 0.349124 0.821224
0.899791 0.284472 0.709081
0.816985 0.376059 0.866277
0.91791 0.265869 0.643297
0.880851 0.247826 0.703374
0.762684 0.372379 0.905845
0.383166 0.113572 0.794997
0.269902 0.266247 0.877379
0.382106 0.139055 0.8253
0.413236 0.147458 0.843782
0.443295 0.153624 0.856102
0.309545 0.0479911 0.59703
0.381181 0.0953425 0.768578
0.452362 0.137498 0.841061
0.47674 0.109058 0.810842
0.525193 0.0613281 0.738605
0.467114 0.0195839 0.634606
0.575607 0.070278 0.744177
0.615023 0.124025 0.80889
0.605844 0.0249167 0.614424
0.642485 0.0834907 0.737103
0.505786 0.00791044 0.588399
0.43917 0.0070534 0.557475
0.389141 0.0225125 0.598569
0.37817 0.0275358 0.609247
0.375182 0.0454788 0.666826
0.41608 0.0117065 0.567282
0.41925 0.0152406 0.592129
0.411657 0.00908564 0.534621
0.416619 0.00852733 0.538758
0.502046 0.00173653 0.541585
0.649217 0.0702239 0.707429
0.605455 0.0151776 0.561859
0.631367 0.0233497 0.574479
0.463354 0.55484 0.995631
0.0439264 0.485737 0.704434
0.108788 0.532568 0.809665
0.69825 0.585219 0.951037
0.513501 0.499111 0.999817
0.53302 0.628665 0.982032
0.976973 0.626048 0.581293
0.797716 0.667986 0.864892
0.242235 0.470856 0.927444
0.574832 0.601538 0.983829
0.093374 0.299273 0.710628
0.504144 0.33685 0.972615
0.151547 0.279687 0.782918
0.936237 0.74418 0.491436
0.9652 0.679236 0.46174
0.675571 0.583255 0.960699
0.00156036 0.51209 0.462427
0.109217 0.188091 0.498918
0.143951 0.164488 0.396751
0.266678 0.298393 0.106406
0.016578 0.445227 0.384661
0.221138 0.506356 0.0850354
0.163489 0.53604 0.131949
0.593348 0.708526 0.944751
0.765003 0.704782 0.871265
0.404065 0.666332 0.96166
0.86248 0.617475 0.176259
0.525837 0.47605 0.00124271
0.380397 0.400387 0.024845
0.700835 0.511385 0.0422492
0.685315 0.606296 0.0479387
0.857839 0.682659 0.202364
0.447849 0.518311 0.00306439
0.899214 0.234007 0.640982
0.699354 0.136715 0.77979
0.723821 0.213297 0.843083
0.89288 0.288788 0.725908
0.868583 0.242088 0.718237
0.711521 0.375166 0.935517
0.737963 0.302208 0.892749
0.512392 0.45269 0.997602
0.581321 0.399251 0.982946
0.253661 0.559565 0.931009
0.422056 0.482128 0.993564
0.033571 0.537806 0.32389
0.120627 0.568642 0.818378
0.0739158 0.688037 0.681918
0.0621202 0.625209 0.706359
0.120308 0.444405 0.820536
0.00881535 0.415068 0.539041
0.4138 0.477431 0.991996
0.421861 0.495675 0.993838
0.743032 0.514682 0.936715
0.354822 0.441974 0.974928
0.699003 0.459248 0.956878
0.700873 0.413699 0.949669
0.287634 0.484633 0.952398
0.306792 0.533006 0.959979
0.272913 0.487978 0.945294
0.23933 0.563562 0.921914
0.128253 0.448118 0.830322
0.138679 0.52839 0.844443
0.0933884 0.452787 0.78712
0.983363 0.492159 0.627667
0.976984 0.428888 0.63202
0.945643 0.37831 0.691294
0.929182 0.244314 0.479337
0.967032 0.329787 0.44607
0.87889 0.380234 0.196522
0.894108 0.477776 0.193105
0.813327 0.323865 0.152433
0.778724 0.249764 0.168798
0.623524 0.34069 0.042439
0.559045 0.340918 0.0296739
0.460272 0.384572 0.0151309
0.469111 0.368061 0.0187121
0.494992 0.379034 0.0148792
0.4564 0.464453 0.00317458
0.618883 0.397601 0.0252566
0.186487 0.234357 0.215143
0.299272 0.103653 0.270616
0.336104 0.393496 0.0397881
0.342372 0.381606 0.0405043
0.379817 0.375353 0.030938
0.293484 0.419166 0.051874
0.0307038 0.4027 0.357543
0.0348419 0.377737 0.363326
0.0581141 0.407162 0.285249
0.923985 0.403222 0.746719
0.899397 0.479652 0.800114
0.995148 0.468118 0.438256
0.911023 0.446884 0.779712
0.959391 0.388635 0.337034
0.91731 0.462366 0.77283
0.987193 0.457273 0.395995
0.90599 0.382869 0.767306
0.994924 0.496047 0.429047
0.341723 0.451298 0.97178
0.199479 0.441851 0.895355
0.388734 0.426948 0.981958
0.251073 0.396332 0.921056
0.423542 0.450491 0.991633
0.274639 0.414814 0.938127
0.438939 0.389856 0.98388
0.341772 0.419895 0.96749
0.390056 0.335772 0.959284
0.253097 0.368821 0.914525
0.0334553 0.355857 0.607512
0.0569314 0.391285 0.704625
0.052139 0.431108 0.711363
0.0448475 0.356785 0.649418
0.0121227 0.395383 0.532109
0.0816467 0.380721 0.253519
0.1006 0.404227 0.214856
0.0600071 0.387497 0.290837
0.10893 0.192331 0.549029
0.162376 0.421476 0.139661
0.207491 0.395997 0.108053
0.206041 0.437573 0.100387
0.276654 0.440846 0.0565844
0.419014 0.0211118 0.381225
0.614228 0.434622 0.982367
0.690286 0.358435 0.940171
0.708604 0.448976 0.951532
0.748073 0.459215 0.9322
0.756612 0.403242 0.918076
0.550193 0.449592 0.994914
0.519224 0.338836 0.972924
0.520017 0.420861 0.993291
0.470307 0.462481 0.997705
0.45928 0.418814 0.991682
0.223505 0.377854 0.101715
0.497429 0.0253049 0.342971
0.483425 0.444507 0.00336555
0.480672 0.498924 0.000374861
0.535761 0.454797 0.00333323
0.886344 0.542134 0.185417
0.580198 0.449188 0.00909632
0.839726 0.488298 0.133326
0.583746 0.0157331 0.407956
0.750061 0.418384 0.0747842
0.674045 0.459328 0.0330372
0.975368 0.345231 0.491505
0.791784 0.438444 0.0986612
0.972572 0.356044 0.577148
0.978931 0.365457 0.550228
0.859697 0.35159 0.813995
0.933426 0.350658 0.699597
0.68889 0.372484 0.94504
0.736124 0.344841 0.912518
0.49226 0.406924 0.9912
0.568245 0.366299 0.976935
0.387179 0.420043 0.980498
0.411568 0.381029 0.97752
0.236919 0.402726 0.913916
0.22365 0.380208 0.8991
0.101084 0.36679 0.770409
0.0839525 0.387794 0.753602
0.152792 0.278985 0.783899
0.100284 0.28777 0.71257
0.961448 0.349602 0.620193
0.825858 0.37839 0.859204
0.655954 0.426554 0.969344
0.485866 0.438636 0.996019
0.411396 0.41932 0.985428
0.327325 0.365225 0.949465
0.120354 0.368543 0.797637
0.170901 0.319243 0.830183
0.924827 0.43229 0.754829
0.483307 0.475521 0.999121
0.531964 0.502854 0.998969
0.730418 0.494188 0.943705
0.877079 0.421946 0.818934
0.21591 0.467713 0.910183
0.171923 0.395442 0.862537
0.391053 0.420537 0.981473
0.347182 0.94566 0.667433
0.299866 0.944404 0.611584
0.380683 0.854684 0.831606
0.328412 0.860572 0.800908
0.430489 0.718615 0.94427
0.356792 0.773035 0.893629
0.456418 0.645096 0.976495
0.390099 0.642574 0.96647
0.468996 0.628202 0.982289
0.414593 0.607273 0.980831
0.492208 0.581412 0.993266
0.43785 0.584778 0.988825
0.541664 0.528778 0.997429
0.476567 0.512653 0.99929
0.635508 0.484848 0.981049
0.548986 0.44588 0.994643
0.693658 0.405091 0.951097
0.628001 0.398783 0.972621
0.727714 0.331209 0.911893
0.716042 0.319507 0.913217
0.752636 0.326175 0.894918
0.748695 0.288465 0.878687
0.760009 0.335492 0.894123
0.748504 0.302769 0.886453
0.90724 0.218809 0.571325
0.847518 0.22391 0.730229
0.260936 0.91148 0.653402
0.230703 0.886666 0.667237
0.784258 0.0996613 0.594481
0.72146 0.251554 0.873136
0.86953 0.177994 0.598791
0.655281 0.172751 0.844668
0.69651 0.2539 0.888354
0.58482 0.265252 0.933243
0.62844 0.307977 0.94343
0.516647 0.364368 0.980965
0.538256 0.391873 0.986667
0.466251 0.468542 0.997867
0.465358 0.47852 0.998336
0.419251 0.546164 0.991272
0.404396 0.564498 0.986518
0.397978 0.567261 0.984838
0.394244 0.575206 0.982866
0.328376 0.58626 0.961632
0.355112 0.632617 0.959805
0.269036 0.704273 0.893609
0.296733 0.744329 0.885987
0.230018 0.822726 0.770106
0.277669 0.833454 0.798961
0.90251 0.234384 0.632036
0.445837 0.945742 0.719956
0.43162 0.902046 0.78928
0.522472 0.821743 0.882069
0.478094 0.776545 0.915984
0.59741 0.733124 0.931468
0.526189 0.681998 0.964963
0.638543 0.690105 0.94121
0.556549 0.657056 0.971313
0.689169 0.655187 0.936041
0.576928 0.609933 0.98166
0.73923 0.617661 0.922995
0.590541 0.584396 0.984437
0.698752 0.60722 0.946096
0.641369 0.550474 0.976935
0.718816 0.535231 0.948195
0.763549 0.418588 0.91703
0.722554 0.410822 0.938768
0.770292 0.352458 0.893921
0.728917 0.35608 0.920576
0.749781 0.360007 0.909892
0.765556 0.357497 0.898965
0.865903 0.66194 0.799818
0.919826 0.60839 0.748993
0.903978 0.543037 0.791461
0.887534 0.447918 0.811616
0.882338 0.38711 0.801784
0.708696 0.732444 0.890404
0.781349 0.744065 0.833579
0.860982 0.257287 0.746541
0.949951 0.383275 0.684172
0.881274 0.384598 0.80218
0.945471 0.431575 0.716503
0.90285 0.419305 0.784956
0.950599 0.422686 0.702444
0.899576 0.410018 0.78678
0.958776 0.538428 0.69506
0.857872 0.579445 0.840023
0.916816 0.645925 0.734457
0.833245 0.676029 0.828575
0.868145 0.696164 0.775661
0.789996 0.727132 0.838103
0.751263 0.705656 0.880227
0.457597 0.969631 0.666278
0.523328 0.864211 0.841769
0.604913 0.791945 0.892124
0.778313 0.267393 0.844145
0.787995 0.333034 0.87307
0.493655 0.975361 0.654894
0.515005 0.894345 0.807029
0.576655 0.854449 0.844224
0.636205 0.791238 0.882921
0.671475 0.743928 0.901367
0.659832 0.734687 0.911553
0.66751 0.710581 0.921422
0.695539 0.613792 0.945888
0.735901 0.479453 0.940373
0.786549 0.401743 0.897788
0.739113 0.377268 0.921618
0.714715 0.313982 0.911454
0.651704 0.400469 0.965918
0.516126 0.977359 0.64788
0.613776 0.370663 0.96939
0.593871 0.454397 0.988987
0.558453 0.537318 0.995167
0.543651 0.633298 0.979923
0.547199 0.700224 0.955722
0.573327 0.710951 0.947351
0.569827 0.766654 0.917157
0.554972 0.844977 0.857728
0.519207 0.896871 0.803521
0.501005 0.928611 0.757471
0.506354 0.949006 0.719893
0.466021 0.930737 0.751617
0.498975 0.893198 0.80886
0.449479 0.862616 0.840525
0.527499 0.876604 0.82774
0.44733 0.802846 0.894347
0.551057 0.851281 0.852129
0.466132 0.781674 0.911719
0.565793 0.80862 0.887847
0.485769 0.746578 0.934738
0.548226 0.761484 0.923439
0.519129 0.708415 0.954089
0.572922 0.72822 0.93886
0.534801 0.632085 0.980981
0.613587 0.649077 0.963545
0.540348 0.586679 0.990774
0.635183 0.563912 0.977117
0.537454 0.511145 0.998471
0.66043 0.488568 0.973425
0.51579 0.412661 0.99206
0.697948 0.468707 0.95808
0.553008 0.285836 0.948692
0.713191 0.391068 0.938957
0.658547 0.36542 0.954699
0.707802 0.303448 0.910104
0.627677 0.327519 0.951607
0.693903 0.226418 0.870883
0.642436 0.255551 0.912258
0.665991 0.129632 0.792018
0.622848 0.183006 0.866638
0.64962 0.117831 0.785588
0.592251 0.119268 0.810697
0.577935 0.107398 0.799649
0.567268 0.0188957 0.618379
0.5195 0.967444 0.676396
0.51236 0.958499 0.699063
0.539049 0.959599 0.692988
0.525135 0.934694 0.745783
0.562815 0.957892 0.69076
0.549916 0.924314 0.759743
0.586941 0.883455 0.808875
0.574091 0.893207 0.799832
0.563158 0.757611 0.923848
0.546298 0.814322 0.886081
0.562875 0.797915 0.896603
0.539017 0.784298 0.909453
0.574651 0.806747 0.887729
0.572951 0.781053 0.907047
0.579945 0.771018 0.912502
0.591475 0.729472 0.934712
0.543338 0.67593 0.966016
0.609121 0.62687 0.971165
0.535206 0.586227 0.991249
0.634971 0.569291 0.976426
0.542985 0.501155 0.998148
0.649569 0.480059 0.976688
0.544955 0.368016 0.980166
0.664874 0.368302 0.95329
0.535083 0.223455 0.915081
0.670726 0.265103 0.907033
0.529162 0.134817 0.84028
0.649249 0.159379 0.834219
0.517073 0.0640095 0.744174
0.628974 0.0916287 0.758067
0.551488 0.976724 0.641717
0.539832 0.974556 0.652347
0.549303 0.97688 0.641968
0.553809 0.973263 0.652074
0.585164 0.972479 0.639682
0.567061 0.962723 0.677173
0.651983 0.91388 0.735805
0.595619 0.874009 0.817765
0.726262 0.754631 0.866018
0.637762 0.697644 0.938131
0.719486 0.70299 0.900775
0.676219 0.753551 0.893267
0.605028 0.6982 0.946862
0.643401 0.79351 0.878534
0.455497 0.653504 0.973768
0.539781 0.751587 0.930258
0.379268 0.65228 0.960689
0.473531 0.689715 0.961852
0.367491 0.636685 0.96234
0.452497 0.617913 0.98357
0.323079 0.531366 0.966599
0.429664 0.527833 0.994245
0.307286 0.439925 0.957441
0.402138 0.393972 0.978728
0.244419 0.293739 0.877008
0.404205 0.229063 0.909166
0.219258 0.190218 0.77426
0.375062 0.131326 0.813799
0.233427 0.135648 0.71491
0.353427 0.0676953 0.704032
0.430719 0.428165 0.989939
0.564643 0.395784 0.984727
0.473039 0.979565 0.638891
0.451873 0.927391 0.754991
0.466901 0.905014 0.791321
0.462497 0.890385 0.810149
0.45892 0.799612 0.898177
0.466667 0.750931 0.931187
0.485346 0.684067 0.964655
0.506404 0.637294 0.980738
0.485089 0.606678 0.98826
0.482492 0.560332 0.996038
0.487162 0.515328 0.9996
0.461808 0.391936 0.986686
0.434375 0.150244 0.851232
0.346692 0.115186 0.780027
0.446404 0.00379302 0.530102
0.436275 0.166331 0.866885
0.387085 0.354092 0.964716
0.485288 0.305854 0.960533
0.462195 0.243544 0.927552
0.529205 0.975033 0.653266
0.536899 0.982331 0.626472
0.57055 0.988539 0.579702
0.537947 0.976067 0.648054
0.502976 0.897388 0.803437
0.503328 0.678105 0.967191
0.454629 0.574065 0.992398
0.398759 0.578328 0.983337
0.359924 0.633524 0.961032
0.348588 0.63193 0.957896
0.344961 0.551832 0.972521
0.296865 0.421833 0.95014
0.2594 0.302 0.891034
0.256136 0.224128 0.838268
0.271682 0.172432 0.800948
0.52909 0.977599 0.645097
0.545876 0.987809 0.599689
0.52712 0.986717 0.611227
0.483444 0.954893 0.706877
0.447147 0.816694 0.88329
0.477918 0.594426 0.990506
0.492844 0.54337 0.998064
0.514383 0.590234 0.99158
0.52254 0.666418 0.970953
0.527334 0.673831 0.968012
0.537565 0.580213 0.992092
0.535808 0.406069 0.989791
0.545032 0.252888 0.932328
0.544437 0.222105 0.913279
0.527578 0.136001 0.841678
0.575085 0.334123 0.965669
0.457693 0.316344 0.96312
0.321995 0.120007 0.771881
0.327429 0.199579 0.860509
0.33579 0.201819 0.866228
0.550917 0.980889 0.627095
0.551919 0.986089 0.604986
0.539206 0.977654 0.642511
0.507342 0.930022 0.755005
0.476685 0.803626 0.89657
0.498111 0.646469 0.978062
0.564479 0.595056 0.986628
0.600826 0.614562 0.97614
0.582596 0.665682 0.964465
0.54511 0.658857 0.971942
0.51607 0.563152 0.995735
0.496596 0.411824 0.992152
0.566335 0.287392 0.947658
0.665067 0.257973 0.905186
0.760917 0.234456 0.833779
0.677584 0.334603 0.937159
0.565008 0.974598 0.643285
0.54587 0.978902 0.636195
0.535516 0.974538 0.653467
0.518267 0.930142 0.754252
0.507645 0.841552 0.86508
0.493439 0.716095 0.950843
0.493301 0.642512 0.979213
0.467203 0.568967 0.994133
0.463756 0.571673 0.993507
0.441444 0.597345 0.986924
0.423692 0.5572 0.990821
0.414317 0.477438 0.992087
0.540301 0.400263 0.988291
0.640477 0.339424 0.952196
0.748188 0.279215 0.873707
0.556737 0.942074 0.726608
0.489989 0.963989 0.686049
0.483346 0.979494 0.64074
0.466627 0.938176 0.738512
0.418976 0.83972 0.857806
0.369636 0.688159 0.944524
0.317286 0.59976 0.954603
0.311225 0.5393 0.961324
0.350993 0.537728 0.975787
0.363144 0.557594 0.977445
0.360354 0.557157 0.976689
0.389783 0.513741 0.987507
0.462082 0.420925 0.992249
0.501921 0.383846 0.986317
0.497526 0.397533 0.989382
0.226739 0.91354 0.565677
0.278746 0.937698 0.597301
0.189625 0.779247 0.775116
0.295121 0.897053 0.72444
0.177132 0.673618 0.84002
0.26419 0.789709 0.832359
0.176297 0.586523 0.87112
0.240042 0.671907 0.890986
0.196742 0.567867 0.8917
0.227449 0.573632 0.912667
0.204661 0.563065 0.898494
0.235049 0.552443 0.920774
0.220234 0.567947 0.908796
0.268566 0.559149 0.939249
0.227053 0.528026 0.917989
0.297007 0.565063 0.952284
0.219862 0.507482 0.914085
0.314743 0.548179 0.961908
0.197477 0.484415 0.89779
0.313338 0.532716 0.962695
0.185047 0.457263 0.885977
0.314741 0.469495 0.96341
0.176262 0.438534 0.876052
0.338304 0.410381 0.964567
0.183585 0.47414 0.886281
0.324485 0.430849 0.963047
0.209265 0.590678 0.896548
0.228805 0.567655 0.914579
0.0635224 0.730985 0.578314
0.0597047 0.59757 0.715917
0.0625807 0.558713 0.734983
0.0709111 0.520601 0.755848
0.0796585 0.515613 0.770313
0.0706904 0.49843 0.756302
0.058996 0.473264 0.734095
0.0746683 0.445546 0.757153
0.102155 0.457007 0.799785
0.0994989 0.438879 0.793024
0.062994 0.428566 0.732213
0.0642542 0.489978 0.745
0.102413 0.522931 0.802322
0.0166634 0.374752 0.473567
0.00622536 0.456632 0.434381
0.00293497 0.453845 0.471786
0.00248676 0.450197 0.500501
0.0113445 0.394576 0.489917
0.00653534 0.419449 0.502031
0.00952493 0.413752 0.544671
0.0164062 0.427277 0.604155
0.0255477 0.414463 0.632584
0.0327921 0.387813 0.638314
0.0838922 0.444575 0.771629
0.715243 0.269753 0.888145
0.269998 0.606118 0.931089
0.701435 0.0900036 0.29671
0.639543 0.477096 0.0204135
0.42529 0.634554 0.975724
0.070717 0.546931 0.752019
0.083183 0.523651 0.775144
0.642176 0.588366 0.971145
0.501395 0.543235 0.998125
0.562978 0.647711 0.973514
0.970645 0.609971 0.62806
0.779007 0.673505 0.876897
0.235386 0.477837 0.923661
0.489451 0.571434 0.994758
0.1074 0.286397 0.724139
0.513228 0.343202 0.974594
0.169276 0.227411 0.75752
0.925469 0.762472 0.490792
0.958639 0.694734 0.458422
0.570365 0.612026 0.982181
0.569045 0.620584 0.980304
0.00419947 0.517107 0.437637
0.124575 0.169766 0.498868
0.161411 0.148361 0.391799
0.284093 0.294402 0.0986109
0.0177536 0.459421 0.374335
0.261839 0.490356 0.0604706
0.181661 0.537572 0.11627
0.604388 0.712433 0.940426
0.746656 0.710051 0.88084
0.520056 0.743498 0.936241
0.323256 0.522449 0.96718
0.845324 0.623336 0.160089
0.523468 0.476038 0.00112619
0.390917 0.399876 0.0224268
0.684875 0.511558 0.0355783
0.670227 0.60762 0.042353
0.840472 0.691543 0.187926
0.560866 0.534053 0.00488811
0.895994 0.546854 0.198349
0.120407 0.515748 0.825055
0.076823 0.492027 0.766191
0.101114 0.512583 0.801217
0.0323359 0.323974 0.48253
0.0116697 0.424424 0.4237
0.00267417 0.4586 0.469129
0.0035702 0.444025 0.520599
0.0177953 0.47271 0.62936
0.0110607 0.395416 0.500662
0.010923 0.598587 0.53293
0.0666526 0.472549 0.747904
0.0415382 0.460077 0.695497
0.0512957 0.492952 0.720488
0.0665579 0.609355 0.723985
0.15361 0.788775 0.715924
0.313761 0.910369 0.716592
0.494046 0.940303 0.73685
0.293228 0.547806 0.952725
0.295816 0.472876 0.955602
0.197204 0.496462 0.897872
0.23271 0.569754 0.916762
0.283332 0.685026 0.910877
0.384734 0.761878 0.910041
0.497048 0.838465 0.868012
0.400356 0.496389 0.989957
0.549613 0.473785 0.996841
0.477584 0.48859 0.999367
0.506377 0.498277 0.999956
0.499286 0.494074 0.999964
0.358906 0.803899 0.871131
0.674713 0.513604 0.968284
0.673928 0.497164 0.968765
0.777848 0.494294 0.915654
0.775636 0.423055 0.910005
0.705662 0.29383 0.906445
0.773493 0.293662 0.864179
0.998706 0.535662 0.504485
0.963766 0.506703 0.686752
0.933209 0.520312 0.748832
0.947568 0.493464 0.722802
0.933806 0.37472 0.714749
0.819553 0.172143 0.700987
0.771418 0.0954987 0.612742
0.984776 0.490814 0.377903
0.915725 0.519471 0.222883
0.690365 0.534285 0.0389297
0.567806 0.552954 0.0074574
0.456044 0.510916 0.00205556
0.344047 0.588254 0.0332132
0.0644497 0.586115 0.270043
0.0403687 0.504786 0.303236
0.578825 0.406149 0.984746
0.536497 0.381248 0.98432
0.47641 0.466658 0.998329
0.814893 0.727104 0.815065
0.489351 0.71499 0.951294
0.929661 0.638604 0.714897
0.904363 0.485618 0.793741
0.721046 0.393194 0.935581
0.929581 0.438711 0.748403
0.682446 0.447146 0.962515
0.838466 0.408972 0.856587
0.813259 0.607433 0.874603
0.753233 0.734866 0.86154
0.816236 0.561579 0.882364
0.616826 0.649282 0.962673
0.533146 0.572785 0.993562
0.654964 0.741549 0.909439
0.80007 0.777152 0.788348
0.869522 0.762655 0.710868
0.918167 0.685068 0.702204
0.875303 0.431772 0.823253
0.84877 0.459928 0.856025
0.827486 0.513791 0.877574
0.801016 0.36576 0.875991
0.647286 0.364406 0.958171
0.535014 0.428317 0.993595
0.974705 0.617085 0.604624
0.900779 0.563938 0.792041
0.730474 0.437419 0.939278
0.627353 0.442947 0.980132
0.51091 0.454865 0.997839
0.62312 0.708973 0.937232
0.465256 0.465101 0.997569
0.467025 0.798726 0.899594
0.637949 0.929718 0.715203
0.789662 0.900128 0.577421
0.864118 0.84227 0.516418
0.922924 0.765319 0.527227
0.972186 0.653703 0.55845
0.953855 0.546561 0.704568
0.411868 0.456941 0.990284
0.763895 0.924634 0.49325
0.663806 0.95731 0.618469
0.828947 0.872815 0.447056
0.887925 0.813895 0.468637
0.924936 0.752701 0.574645
0.910771 0.674553 0.725384
0.884851 0.62712 0.792798
0.822653 0.578056 0.873901
0.725536 0.494578 0.946211
0.627044 0.467735 0.982513
0.678472 0.469862 0.96609
0.511533 0.499017 0.999866
0.503163 0.515679 0.999744
0.388814 0.614775 0.973777
0.473231 0.48893 0.99916
0.437643 0.549667 0.993604
0.532592 0.870347 0.834336
0.428818 0.699052 0.953113
0.873439 0.817438 0.598875
0.807424 0.748624 0.806067
0.761146 0.685128 0.884097
0.81235 0.653421 0.859026
0.619774 0.54807 0.983056
0.614339 0.588967 0.978551
0.629946 0.578793 0.976346
0.495752 0.505111 0.999956
0.610281 0.569839 0.98266
0.53023 0.536736 0.997731
0.453183 0.651578 0.974165
0.771268 0.918839 0.531423
0.738357 0.907056 0.665805
0.669609 0.680183 0.934473
0.50868 0.648633 0.977318
0.738287 0.513356 0.939364
0.715605 0.507405 0.951065
0.68001 0.49842 0.96647
0.650093 0.516364 0.97666
0.790475 0.87092 0.66746
0.789039 0.819232 0.754062
0.678166 0.707174 0.918731
0.715054 0.750025 0.875819
0.670241 0.661379 0.94156
0.624446 0.527184 0.983502
0.654768 0.525676 0.97475
0.677102 0.492992 0.967532
0.679558 0.469448 0.965645
0.659032 0.458628 0.972226
0.650865 0.515707 0.976438
0.589436 0.543836 0.989979
0.602944 0.584248 0.98198
0.555176 0.553927 0.994012
0.556535 0.580032 0.990305
0.480959 0.578396 0.993449
0.779036 0.884186 0.656651
0.69974 0.80155 0.845212
0.62053 0.764436 0.906873
0.588355 0.661197 0.964983
0.579616 0.592978 0.984785
0.522179 0.552355 0.996757
0.522177 0.542894 0.997663
0.605242 0.89226 0.791644
0.687763 0.951471 0.604495
0.724385 0.92787 0.628759
0.552478 0.833118 0.869159
0.513397 0.701485 0.95741
0.559707 0.783659 0.907398
0.521206 0.622534 0.984289
0.56623 0.555779 0.992445
0.488684 0.602399 0.989271
0.752906 0.930736 0.522483
0.625211 0.862191 0.821154
0.525804 0.654132 0.97495
0.438482 0.559799 0.992585
0.79791 0.855176 0.687349
0.718588 0.943913 0.571837
0.909753 0.785137 0.528276
0.862109 0.626275 0.82083
0.692804 0.873556 0.770708
0.716558 0.690072 0.908626
0.722669 0.574565 0.941428
0.746987 0.38823 0.920125
0.994655 0.451096 0.55408
0.919773 0.258125 0.37636
0.86348 0.17028 0.595745
0.965475 0.342541 0.407592
0.771398 0.181006 0.773104
0.835677 0.292208 0.806828
0.709173 0.398339 0.942619
0.949311 0.333423 0.642729
0.806221 0.704777 0.838075
0.823351 0.649185 0.850981
0.778642 0.664496 0.881182
0.810785 0.658783 0.858051
0.802806 0.619202 0.879604
0.625441 0.487665 0.983852
0.511582 0.548518 0.997506
0.421506 0.39281 0.982026
0.618187 0.150275 0.837231
0.53827 0.316123 0.963384
0.553797 0.188727 0.887576
0.569211 0.148239 0.848531
0.437369 0.193001 0.889652
0.566227 0.435827 0.991422
0.50941 0.0908587 0.787254
0.496564 0.0908375 0.787357
0.56351 0.187747 0.885311
0.514359 0.0628132 0.742201
0.595141 0.10522 0.791713
0.517689 0.0403088 0.695886
0.586822 0.160738 0.856879
0.616845 0.0401363 0.65771
0.695542 0.118117 0.756766
0.621067 0.400081 0.97472
0.565199 0.0962161 0.787589
0.602986 0.194006 0.881787
0.702301 0.0428842 0.489063
0.908699 0.21244 0.483445
0.837157 0.15116 0.620978
0.533681 0.00236793 0.535041
0.475043 0.00118152 0.523607
0.543923 0.00359481 0.459347
0.500716 0.00718683 0.584467
0.578645 0.044585 0.69082
0.604647 0.119554 0.807099
0.583444 0.00875797 0.458548
0.589724 0.00822948 0.489449
0.629578 0.0707324 0.721221
0.619313 0.0950335 0.767893
0.554817 0.0622341 0.735279
0.614767 0.145164 0.833046
0.548918 0.162904 0.866024
0.65495 0.357907 0.953652
0.631315 0.220616 0.89332
0.652281 0.348586 0.951536
0.57766 0.17317 0.870339
0.563698 0.366743 0.977687
0.481243 0.199612 0.899268
0.506288 0.182182 0.885943
0.498162 0.133953 0.840597
0.440944 0.201844 0.897008
0.582378 0.00685008 0.504134
0.589881 0.0110976 0.553813
0.562807 0.0977105 0.790204
0.555706 0.21272 0.905422
0.496664 0.437144 0.996022
0.487606 0.205544 0.903909
0.453542 0.312485 0.961172
0.345215 0.293385 0.928196
0.248692 0.402155 0.921035
0.361895 0.418973 0.973668
0.395161 0.342057 0.962669
0.395811 0.493544 0.988981
0.462112 0.524851 0.997943
0.619482 0.611527 0.972531
0.443089 0.575914 0.990916
0.500613 0.637199 0.980808
0.349166 0.618896 0.961641
0.325051 0.619893 0.95279
0.362112 0.567507 0.975846
0.284009 0.539494 0.949208
0.324043 0.514052 0.967805
0.344916 0.550382 0.972663
0.336962 0.590194 0.963987
0.629301 0.98299 0.498706
0.798914 0.898314 0.54468
0.690753 0.962175 0.497195
0.811157 0.874832 0.612617
0.64467 0.977055 0.538589
0.469818 0.998336 0.527395
0.459076 0.998205 0.489198
0.464269 0.998041 0.473958
0.715545 0.95111 0.506353
0.84959 0.857437 0.49494
0.918951 0.732627 0.642705
0.0351437 0.586922 0.662337
0.0403339 0.668915 0.60087
0.0627038 0.709337 0.622271
0.127046 0.738333 0.732601
0.293392 0.953995 0.53467
0.282433 0.948028 0.544
0.215058 0.910602 0.514622
0.0967638 0.778214 0.599988
0.226616 0.894252 0.640805
0.106822 0.711969 0.724679
0.123155 0.828226 0.515994
0.179831 0.805559 0.732649
0.304656 0.895424 0.735543
0.247351 0.727777 0.866451
0.308133 0.928842 0.671119
0.0422354 0.477743 0.69989
0.111723 0.767211 0.666851
0.370133 0.968098 0.618403
0.431534 0.987337 0.588404
0.148993 0.789793 0.706915
0.0460152 0.421307 0.694178
0.275435 0.932731 0.610973
0.350281 0.977042 0.503821
0.0602657 0.467833 0.735794
0.108646 0.712368 0.727468
0.553844 0.997091 0.501061
0.853712 0.58725 0.842455
0.34894 0.968551 0.412588
0.704076 0.952896 0.443094
0.181477 0.884964 0.51859
0.0771138 0.695439 0.681578
0.377434 0.951157 0.322702
0.61252 0.925939 0.263537
0.158691 0.855591 0.415956
0.0513293 0.718217 0.532801
0.109207 0.796472 0.403123
0.0790406 0.768436 0.472887
0.0235795 0.648572 0.469183
0.245744 0.90949 0.367064
0.808258 0.856683 0.333404
0.71649 0.947229 0.444154
0.539446 0.99808 0.481025
0.414572 0.992399 0.484351
0.205444 0.901607 0.544139
0.0644551 0.719424 0.389756
0.102579 0.622215 0.777705
0.00114103 0.526072 0.521448
0.0575534 0.730977 0.470159
0.0155092 0.480667 0.622045
0.00948294 0.587911 0.540801
0.00262766 0.521354 0.546527
0.017681 0.38568 0.565568
0.0191616 0.402528 0.596403
0.240831 0.291473 0.873294
0.124041 0.30939 0.768929
0.160808 0.187585 0.693251
0.0273821 0.345324 0.552035
0.117667 0.568116 0.814932
0.258304 0.355084 0.913016
0.122785 0.222612 0.675398
0.480748 0.0249136 0.654668
0.11818 0.220755 0.661975
0.0862738 0.221317 0.534155
0.528908 0.00201924 0.465656
0.327374 0.0312329 0.521391
0.839306 0.580365 0.858347
0.78813 0.656664 0.877409
0.881068 0.639299 0.792203
0.954743 0.426881 0.694582
0.965183 0.362158 0.62085
0.958512 0.548214 0.6935
0.912832 0.26219 0.651711
0.958153 0.679137 0.410524
0.984536 0.574982 0.402007
0.973203 0.58261 0.361239
0.93717 0.393022 0.717802
0.944877 0.578899 0.714148
0.725734 0.159806 0.788638
0.946977 0.441384 0.716276
0.628773 0.17232 0.855026
0.95606 0.302151 0.553531
0.865044 0.202478 0.668
0.824994 0.170502 0.689235
0.519038 0.228326 0.919322
0.742587 0.141617 0.750426
0.795184 0.498247 0.903563
0.958413 0.315081 0.575249
0.94108 0.276116 0.57297
0.951826 0.303797 0.585775
0.956237 0.313501 0.584057
0.935971 0.660592 0.68477
0.999818 0.488358 0.506808
0.99672 0.444799 0.514891
0.984101 0.394279 0.56685
0.998368 0.522416 0.533573
0.998312 0.534978 0.478515
0.992113 0.512528 0.587564
0.977101 0.426629 0.630352
0.962812 0.373774 0.640967
0.707979 0.205252 0.846221
0.945443 0.288864 0.58368
0.787461 0.606716 0.894941
0.753218 0.0850117 0.616898
0.970869 0.342273 0.558349
0.842325 0.520528 0.863858
0.297456 0.445163 0.953838
0.231237 0.883974 0.674156
0.386451 0.0638425 0.283498
0.156797 0.493521 0.136448
0.495477 0.99633 0.560302
0.630985 0.153795 0.836132
0.506413 0.483954 0.000298692
0.552298 0.461935 0.00420174
0.514063 0.391219 0.0121795
0.549108 0.385565 0.0157553
0.562659 0.338401 0.0310015
0.563134 0.405684 0.0130517
0.537564 0.387032 0.0143796
0.495997 0.218224 0.0869794
0.549247 0.210493 0.0953266
0.599845 0.209181 0.105722
0.517948 0.268896 0.0569774
0.573022 0.157207 0.143404
0.583862 0.325736 0.0389152
0.585244 0.276006 0.0611832
0.431087 0.165148 0.135137
0.570631 0.124706 0.177253
0.296521 0.0617026 0.37158
0.540951 0.0436016 0.299941
0.375881 0.0311569 0.378424
0.563317 0.0108884 0.417776
0.546587 0.0022211 0.506771
0.667201 0.0288169 0.505502
0.699767 0.0435275 0.458454
0.664834 0.111292 0.232164
0.519363 0.157382 0.136355
0.538938 0.116993 0.180955
0.586591 0.141062 0.162857
0.91383 0.219498 0.507927
0.787525 0.195617 0.226724
0.608665 0.185811 0.126534
0.393056 0.176834 0.133767
0.323293 0.0367255 0.435569
0.548221 0.00830191 0.423138
0.761494 0.0884356 0.389386
0.660702 0.170139 0.160343
0.55567 0.219786 0.0896577
0.498867 0.220759 0.0852431
0.305145 0.143428 0.208644
0.28995 0.0473163 0.469076
0.313073 0.0425372 0.576066
0.324254 0.0319046 0.500231
0.435113 0.0212082 0.628639
0.422889 0.005982 0.499676
0.598609 0.0249672 0.620914
0.510294 0.00010717 0.498907
0.412201 0.0176249 0.598008
0.583324 0.0411411 0.680293
0.597884 0.00971698 0.493576
0.728103 0.0848802 0.66014
0.278106 0.0520026 0.507825
0.217328 0.0875898 0.496183
0.138167 0.155191 0.486454
0.0743523 0.237659 0.498828
0.100899 0.27866 0.295728
0.0345078 0.317684 0.491171
0.0462164 0.371652 0.333846
0.00222062 0.455001 0.486187
0.0292489 0.472151 0.333814
0.003042 0.552685 0.483967
0.0306643 0.565472 0.340509
0.00697837 0.57117 0.456821
0.0355493 0.595329 0.341262
0.00888671 0.575264 0.443937
0.048662 0.570199 0.296613
0.00248627 0.536702 0.466339
0.00139403 0.536919 0.505394
0.000357958 0.483328 0.491063
0.00543925 0.573549 0.500506
0.00196514 0.543591 0.492181
0.00110649 0.466924 0.503355
0.0293373 0.331251 0.499377
0.0785021 0.231091 0.494741
0.144841 0.148074 0.496788
0.22501 0.0824212 0.497119
0.287291 0.0475065 0.497897
0.310192 0.0377877 0.518245
0.00500731 0.570494 0.496425
0.0843961 0.600964 0.241003
0.110729 0.560444 0.19208
0.155257 0.477101 0.138575
0.209403 0.405166 0.104324
0.277774 0.540665 0.0539486
0.291081 0.487572 0.0459093
0.00489478 0.430292 0.496593
0.988399 0.40562 0.449412
0.848539 0.453971 0.144469
0.489695 0.472274 0.000875667
0.197708 0.477814 0.102347
0.0087187 0.421569 0.450087
0.143967 0.388334 0.832823
0.50699 0.365869 0.981622
0.777481 0.376337 0.897129
0.980764 0.36606 0.530431
0.813565 0.395564 0.124807
0.538361 0.432718 0.00603485
0.226854 0.438769 0.0857028
0.0317927 0.455307 0.66966
0.390321 0.449803 0.985233
0.758258 0.404335 0.917314
0.541487 0.309504 0.960424
0.78028 0.288875 0.856187
0.167332 0.292743 0.810446
0.0531677 0.283052 0.442776
0.26726 0.298759 0.105876
0.515883 0.300032 0.0420036
0.809763 0.303789 0.160076
0.932726 0.272994 0.394092
0.756997 0.288126 0.87291
0.92729 0.244106 0.455935
0.488565 0.326644 0.968846
0.0748463 0.355316 0.719797
0.180512 0.307363 0.167106
0.483409 0.324901 0.0319559
0.747282 0.292126 0.118372
0.591346 0.0242616 0.37619
0.472208 0.0323135 0.325366
0.499454 0.498425 0.999997
0.553551 0.46732 0.996049
0.491957 0.409055 0.991594
0.545711 0.371079 0.980926
0.566862 0.363176 0.976244
0.520438 0.403454 0.990164
0.57244 0.396457 0.983768
0.505829 0.240781 0.927518
0.554819 0.201844 0.897615
0.557424 0.289586 0.949921
0.564836 0.20082 0.895332
0.540356 0.288475 0.951252
0.410913 0.181495 0.874991
0.619539 0.230346 0.903729
0.565298 0.11971 0.817987
0.60137 0.129846 0.820485
0.291581 0.0694703 0.645622
0.577313 0.0479173 0.699108
0.349043 0.037501 0.615354
0.571728 0.00897718 0.561251
0.68086 0.106564 0.749996
0.706358 0.0503945 0.572603
0.533597 0.137663 0.842904
0.53925 0.116793 0.818767
0.591842 0.128547 0.82185
0.814754 0.116081 0.559467
0.511954 0.330876 0.970377
0.750036 0.203693 0.815728
0.380458 0.179113 0.864337
0.284952 0.0927411 0.694665
0.671724 0.164564 0.828623
0.696951 0.0408186 0.519044
0.520775 0.00940993 0.594286
0.527874 0.22648 0.917624
0.471066 0.188008 0.889646
0.373348 0.0930035 0.761368
0.277989 0.0599294 0.416041
0.264905 0.0609402 0.544234
0.304772 0.0399594 0.484232
0.39812 0.0309211 0.360052
0.547201 0.0137787 0.393412
0.392256 0.0196721 0.412386
0.561376 0.0366723 0.322348
0.695599 0.0631553 0.355405
0.211283 0.0917848 0.501749
0.274099 0.0540213 0.49153
0.122461 0.17271 0.518587
0.0720478 0.242147 0.519207
0.0228209 0.35105 0.51067
0.0781212 0.313571 0.693036
0.00138134 0.463339 0.505952
0.062683 0.361434 0.69888
0.00303215 0.551092 0.520311
0.0369016 0.474691 0.686814
0.0082741 0.580987 0.540579
0.032641 0.551116 0.670184
0.00856266 0.571944 0.557562
0.0455428 0.591497 0.687342
0.00502014 0.535335 0.561208
0.0518565 0.579056 0.707165
0.120071 0.598073 0.809896
0.122192 0.561576 0.821667
0.150435 0.4811 0.856997
0.164765 0.39584 0.856045
0.245277 0.556377 0.926542
0.275499 0.489024 0.94663
0.871224 0.442788 0.83003
0.979417 0.36799 0.447721
0.594031 0.46779 0.990021
0.220312 0.486058 0.914222
0.0184231 0.457556 0.627602
0.094472 0.40817 0.222305
0.443727 0.374528 0.0192815
0.73268 0.362633 0.079298
0.856831 0.382119 0.829812
0.964744 0.358568 0.381636
0.564162 0.423787 0.989974
0.253064 0.439337 0.930515
0.0154599 0.408207 0.417568
0.331701 0.425091 0.035173
0.713373 0.401823 0.0586008
0.738527 0.308116 0.10467
0.431026 0.300382 0.0467945
0.119591 0.28424 0.257643
0.0935452 0.274496 0.684235
0.295912 0.311177 0.915565
0.625931 0.299963 0.940598
0.837933 0.300423 0.809791
0.936872 0.259497 0.463931
0.923306 0.246866 0.41793
0.695587 0.312485 0.0797811
0.323792 0.379529 0.0478527
0.0288519 0.341804 0.445288
0.223777 0.330367 0.880691
0.52679 0.326072 0.968008
0.807673 0.280235 0.827171
0.591346 0.0242616 0.62381
0.472208 0.0323135 0.674634
0.685626 0.508571 0.964187
0.81215 0.520892 0.890034
0.535071 0.524509 0.998166
0.619465 0.813972 0.129663
0.697132 0.782726 0.137778
0.436584 0.709967 0.0506758
0.744032 0.783827 0.168502
0.507018 0.687528 0.0365522
0.804973 0.640657 0.129585
0.622828 0.113585 0.207431
0.371687 0.0770748 0.266184
0.269214 0.607536 0.0696816
0.28651 0.633451 0.0680129
0.217627 0.628891 0.108015
0.428879 0.742299 0.068453
0.879726 0.771445 0.320762
0.798415 0.803515 0.237651
0.923831 0.759218 0.443666
0.055332 0.401362 0.293746
0.149636 0.164935 0.37762
0.0302559 0.508324 0.328912
0.0167327 0.407488 0.58885
0.403253 0.00961452 0.512733
0.0396622 0.325588 0.587575
0.193488 0.105298 0.516151
0.183606 0.47835 0.886557
0.254011 0.420233 0.927933
0.246726 0.199218 0.80884
0.481914 0.0814677 0.772953
0.597812 0.00969398 0.50573
0.714426 0.221371 0.85551
0.847847 0.671715 0.815462
0.918619 0.768995 0.451011
0.843663 0.829681 0.347664
0.851757 0.799662 0.309029
0.914019 0.780233 0.507594
0.918001 0.225735 0.492618
0.82201 0.681041 0.836948
0.923408 0.318661 0.694529
0.859576 0.73418 0.756641
0.6298 0.5936 0.973699
0.672487 0.558495 0.965646
0.608942 0.815574 0.127784
0.68136 0.786686 0.132686
0.442372 0.710262 0.0500346
0.726244 0.789994 0.1613
0.506363 0.687528 0.0365426
0.786313 0.645538 0.116799
0.612056 0.111508 0.205861
0.382892 0.0745947 0.264806
0.286545 0.609621 0.061343
0.303089 0.635651 0.0608815
0.254195 0.628589 0.0840134
0.43536 0.742732 0.0676775
0.863586 0.786423 0.310879
0.779716 0.813541 0.228982
0.911582 0.777431 0.439732
0.0649881 0.393649 0.277617
0.167326 0.149385 0.371948
0.0304427 0.481675 0.329178
0.0201081 0.39877 0.597243
0.411918 0.0079855 0.512782
0.0470056 0.310857 0.594979
0.212159 0.0915049 0.516708
0.202176 0.477541 0.900994
0.271862 0.418469 0.937385
0.264781 0.192167 0.816087
0.483588 0.0814158 0.77298
0.589061 0.00802935 0.505753
0.697811 0.21674 0.861434
0.830053 0.679562 0.829883
0.905804 0.787375 0.447666
0.825726 0.844357 0.340875
0.834116 0.813697 0.300098
0.900731 0.798913 0.508107
0.905119 0.207056 0.492111
0.80352 0.688052 0.850017
0.911116 0.305954 0.708158
0.842275 0.745671 0.769246
0.618499 0.594154 0.976543
0.658184 0.559118 0.97062
0.694849 0.765163 0.87646
0.65441 0.83306 0.839453
0.446352 0.700274 0.954986
0.689805 0.813602 0.840041
0.491635 0.741902 0.937508
0.851294 0.381153 0.835362
0.505381 0.708612 0.95437
0.311604 0.567457 0.95821
0.352928 0.0542191 0.67219
0.534217 0.0930212 0.78844
0.261289 0.633826 0.918459
0.237534 0.64361 0.900609
0.831691 0.843595 0.648066
0.875495 0.773132 0.685479
0.822329 0.800697 0.735978
0.0330544 0.472196 0.676603
0.0374424 0.448476 0.682718
0.0773179 0.310349 0.688076
0.194784 0.10575 0.462448
0.0276579 0.431406 0.351044
0.0398627 0.307722 0.463904
0.229319 0.486518 0.0798216
0.143586 0.349401 0.183315
0.449035 0.00264941 0.493293
0.328437 0.134959 0.204515
0.623207 0.0154408 0.504735
0.527003 0.0899617 0.21515
0.923963 0.758535 0.44156
0.923464 0.76092 0.550982
0.946847 0.485447 0.723866
0.890216 0.808793 0.548761
0.877871 0.745924 0.283817
0.93803 0.25928 0.486451
0.827472 0.676054 0.165684
0.639137 0.607084 0.0318397
0.825977 0.686451 0.169886
0.645331 0.55221 0.0244444
0.706102 0.12541 0.240762
0.859292 0.502152 0.152287
0.679223 0.768799 0.88161
0.641301 0.835911 0.842341
0.443578 0.700879 0.954383
0.674459 0.817669 0.844457
0.492391 0.741881 0.937534
0.83364 0.375606 0.851014
0.504871 0.708612 0.954376
0.32688 0.568343 0.964067
0.365515 0.0507715 0.673515
0.531074 0.0928576 0.788565
0.278908 0.636597 0.927153
0.253849 0.622736 0.917547
0.813407 0.857776 0.654183
0.859072 0.787846 0.695478
0.803839 0.812384 0.745149
0.0393263 0.469771 0.692005
0.0444359 0.444092 0.698332
0.0896978 0.297106 0.701211
0.213466 0.0920926 0.461143
0.0330166 0.425272 0.337697
0.0472389 0.291494 0.460853
0.247767 0.486144 0.0685066
0.161029 0.342156 0.16806
0.453702 0.00219333 0.493289
0.342654 0.131109 0.201401
0.612419 0.012825 0.504751
0.524519 0.0898627 0.215068
0.911725 0.776711 0.437439
0.911179 0.779207 0.554546
0.937499 0.484287 0.741553
0.874817 0.826875 0.551625
0.861604 0.759338 0.271995
0.927496 0.241089 0.48542
0.809083 0.68312 0.152243
0.627119 0.607816 0.0286017
0.80756 0.693873 0.15675
0.632866 0.552598 0.0208548
0.689898 0.119665 0.236782
0.841986 0.502251 0.135253
0.814959 0.489081 0.111823
0.629306 0.394678 0.0286326
0.92079 0.23156 0.529589
0.88756 0.199062 0.59609
0.842827 0.1462 0.414589
0.609135 0.12936 0.182643
0.706168 0.827897 0.183806
0.836296 0.484817 0.130305
0.779352 0.326117 0.123533
0.922004 0.523636 0.767121
0.665202 0.469301 0.97092
0.907592 0.232241 0.389664
0.8474 0.164745 0.630067
0.710405 0.629425 0.934717
0.826609 0.723203 0.805789
0.754408 0.357586 0.906196
0.58218 0.116507 0.810128
0.715963 0.936826 0.611995
0.905921 0.780145 0.582142
0.489437 0.985627 0.618552
0.721699 0.895676 0.710453
0.904257 0.713928 0.702018
0.530453 0.974161 0.655703
0.677217 0.879901 0.772524
0.820652 0.706139 0.823557
0.511468 0.973203 0.661082
0.625258 0.85335 0.830839
0.751439 0.608968 0.918216
0.49207 0.984751 0.622285
0.513535 0.946974 0.723676
0.646165 0.566409 0.973525
0.979164 0.639461 0.469131
0.99224 0.528805 0.582888
0.923912 0.431702 0.756191
0.830914 0.453791 0.871969
0.732111 0.270227 0.878588
0.615342 0.259489 0.922907
0.541143 0.585546 0.990906
0.501594 0.93593 0.744873
0.486448 0.205327 0.903713
0.46975 0.604531 0.988015
0.479996 0.966802 0.678034
0.503939 0.380959 0.985607
0.425813 0.732777 0.936247
0.418253 0.933575 0.735223
0.962474 0.599018 0.662215
0.852456 0.209903 0.295993
0.813931 0.130674 0.377337
0.869882 0.1636 0.504685
0.560557 0.110442 0.192465
0.525487 0.0553714 0.272721
0.508262 0.0560256 0.270177
0.8134 0.138132 0.644333
0.558134 0.0695129 0.252409
0.681215 0.0371645 0.445736
0.624261 0.0184769 0.551912
0.612893 0.0204219 0.585206
0.742122 0.115524 0.291302
0.656294 0.0795198 0.720836
0.481313 0.170938 0.12401
0.544705 0.184027 0.115081
0.670919 0.247518 0.103718
0.320138 0.28391 0.0865333
0.25402 0.211596 0.173937
0.290426 0.138494 0.225424
0.265402 0.215424 0.16239
0.650241 0.297728 0.0681278
0.744279 0.281432 0.122434
0.507978 0.378648 0.0150153
0.388567 0.394989 0.0240218
0.24602 0.426023 0.0757103
0.12286 0.46009 0.174159
0.0866903 0.366151 0.252493
0.108197 0.680032 0.246862
0.214484 0.718523 0.15254
0.343541 0.7695 0.108988
0.466003 0.678665 0.0342501
0.0432639 0.614361 0.331733
0.0556064 0.381311 0.303971
0.0416975 0.671131 0.396689
0.613451 0.537085 0.0144554
0.718962 0.649974 0.0762508
0.197501 0.897467 0.522678
0.452172 0.996895 0.47157
0.436885 0.995989 0.503339
0.357077 0.974888 0.436328
0.314752 0.964143 0.484047
0.19538 0.89643 0.507077
0.515227 0.982511 0.369803
0.52459 0.978925 0.358487
0.486381 0.993327 0.419734
0.732872 0.924983 0.376876
0.51385 0.978494 0.3556
0.892079 0.801597 0.427104
0.75351 0.888938 0.314365
0.526052 0.971364 0.335267
0.892995 0.743071 0.309025
0.68242 0.856876 0.201065
0.488016 0.971514 0.334075
0.789039 0.627221 0.112352
0.85357 0.657779 0.183623
0.610033 0.861842 0.172948
0.506943 0.961351 0.307367
0.640646 0.661584 0.0482156
0.992113 0.586932 0.516355
0.980651 0.528472 0.365226
0.950697 0.434116 0.293768
0.805361 0.422376 0.111762
0.713418 0.26691 0.112544
0.570841 0.576147 0.0109363
0.500388 0.961565 0.307756
0.625674 0.231135 0.0976104
0.475753 0.57646 0.00647597
0.475748 0.915848 0.223445
0.473107 0.218014 0.0879795
0.422894 0.707423 0.051636
0.419681 0.944127 0.284826
0.962474 0.599018 0.337785
0.511024 0.370572 0.0171677
0.932707 0.308614 0.661667
0.883387 0.198482 0.610008
0.542659 0.0991209 0.795764
0.505099 0.0534564 0.724884
0.807845 0.108837 0.547148
0.527697 0.0548678 0.726032
0.800294 0.100227 0.502193
0.661988 0.0713317 0.700009
0.607268 0.0156948 0.562786
0.645473 0.0332087 0.395389
0.567865 0.00630862 0.459218
0.641742 0.0785804 0.271276
0.577419 0.14988 0.848457
0.667569 0.171966 0.838104
0.771521 0.133443 0.704724
0.395659 0.210563 0.894131
0.275766 0.18953 0.821446
0.238715 0.175925 0.776958
0.29165 0.209114 0.84925
0.755449 0.299568 0.880227
0.614294 0.352631 0.963918
0.517145 0.35741 0.97893
0.366523 0.43387 0.977295
0.474227 0.168324 0.873265
0.241724 0.460164 0.926271
0.127592 0.425166 0.825135
0.0769356 0.407797 0.75003
0.059428 0.442248 0.729262
0.215358 0.717505 0.848813
0.101847 0.671569 0.749075
0.319819 0.716399 0.913166
0.449467 0.665319 0.969165
0.0658076 0.6837 0.666528
0.0286686 0.655174 0.561381
0.584688 0.634976 0.97393
0.704708 0.622634 0.939381
0.210592 0.905354 0.456057
0.398135 0.981399 0.588762
0.462345 0.987068 0.60652
0.336046 0.965669 0.579194
0.255492 0.935825 0.516498
0.248523 0.930429 0.461402
0.503644 0.992961 0.583521
0.547934 0.979147 0.634613
0.477531 0.541272 0.997787
0.543318 0.522325 0.997619
0.613181 0.510209 0.986915
0.825431 0.500167 0.879598
0.700328 0.437267 0.953799
0.900412 0.414379 0.786948
0.80879 0.307308 0.842809
0.95281 0.447962 0.29444
0.900178 0.246727 0.339656
0.844812 0.143696 0.564433
0.397751 0.270764 0.0675698
0.535558 0.542785 0.996895
0.601106 0.536179 0.988333
0.601459 0.501741 0.989595
0.622723 0.434413 0.980247
0.698682 0.354732 0.935227
0.783517 0.219188 0.801269
0.453057 0.538614 0.996292
0.442254 0.594902 0.987503
0.512643 0.580251 0.993356
0.486265 0.522588 0.999301
0.465752 0.517386 0.998523
0.557069 0.47919 0.996296
0.697693 0.255363 0.888678
0.398937 0.578215 0.983393
0.436506 0.561481 0.992127
0.311539 0.594385 0.953402
0.375377 0.549631 0.98167
0.44117 0.562104 0.992628
0.557226 0.238119 0.922071
0.178824 0.648799 0.853136
0.202667 0.649281 0.873241
0.235397 0.593394 0.913839
0.233538 0.617901 0.906322
0.293837 0.633138 0.935627
0.624474 0.361442 0.964013
0.0334515 0.677889 0.473772
0.0459366 0.707366 0.528738
0.0221915 0.644735 0.527402
0.0181201 0.630771 0.526281
0.0234614 0.624823 0.585616
0.0516093 0.554718 0.714363
0.0951238 0.655511 0.25122
0.116818 0.66508 0.224464
0.0927509 0.633241 0.242328
0.053246 0.566415 0.285524
0.0607151 0.538361 0.264294
0.134043 0.276082 0.24322
0.395016 0.61145 0.0240197
0.308524 0.60193 0.0495035
0.24525 0.562542 0.0743346
0.204926 0.475869 0.0970742
0.163146 0.401034 0.144001
0.579625 0.574167 0.0119845
0.517487 0.585089 0.00760371
0.455564 0.512901 0.00214558
0.426555 0.365886 0.0239545
0.448933 0.196656 0.105824
0.465253 0.0648899 0.256131
0.791785 0.55294 0.097435
0.750997 0.543502 0.0697579
0.688999 0.382213 0.0523334
0.632134 0.382799 0.0322345
0.808919 0.251004 0.195747
0.717618 0.0649611 0.384312
0.563394 0.0135483 0.596674
0.994861 0.53929 0.440257
0.0817939 0.772782 0.473661
